0.06
0.31567
0.56625
0.81181
1.0524
1.2882
1.5192
1.7454
1.9671
2.1841
2.3966
2.6047
2.8084
3.0078
3.203
3.394
3.5809
3.7637
3.9426
4.1175
4.2885
4.4558
4.6193
4.7791
4.9353
5.0879
5.237
5.3826
5.5248
5.6636
5.7992
5.9315
6.0606
6.1865
6.3094
6.4292
6.546
6.6598
6.7707
6.8788
6.9841
7.0865
7.1863
7.2834
7.3778
7.4697
7.5589
7.6457
7.73
7.8119
7.8914
7.9686
8.0434
8.116
8.1863
8.2544
8.3204
8.3842
8.446
8.5057
8.5634
8.6191
8.6729
8.7247
8.7746
8.8227
8.869
8.9135
8.9562
8.9973
9.0366
9.0742
9.1102
9.1446
9.1774
9.2087
9.2384
9.2667
9.2934
9.3188
9.3427
9.3652
9.3863
9.4061
9.4246
9.4418
9.4577
9.4724
9.4859
9.4981
9.5092
9.5191
9.5279
9.5356
9.5422
9.5477
9.5522
9.5556
9.5581
9.5595
9.56
9.5595
9.5581
9.5558
9.5526
9.5485
9.5522
9.5556
9.5581
9.5595
9.56
9.5595
9.5581
9.5558
9.5526
9.5485
9.5522
9.5556
9.5581
9.5595
9.56
9.5595
9.5581
9.5558
9.5526
9.5485
9.5522
9.5556
9.5581
9.5595
9.56
9.5595
9.5581
9.5558
9.5526
9.5485
9.5522
9.5556
9.5581
9.5595
9.56
9.5595
9.5581
9.5558
9.5526
9.5485
9.5522
9.5556
9.5581
9.5595
9.56
9.5595
9.5581
9.5558
9.5526
9.5485
9.5522
9.5556
9.5581
9.5595
9.56
9.5595
9.5581
9.5558
9.5526
9.5485
9.5522
9.5556
9.5581
9.5595
9.56
9.5595
9.5581
9.5558
9.5526
9.5485
9.5522
9.5556
9.5581
9.5595
9.56
9.5595
9.5581
9.5558
9.5526
9.5485
9.5522
9.5556
9.5581
9.5595
9.56
9.5595
9.5581
9.5558
9.5526
9.5485
9.5522
9.5556
9.5581
9.5595
9.56
9.5595
9.5581
9.5558
9.5526
9.5485
9.5522
9.5556
9.5581
9.5595
9.56
9.5595
9.5581
9.5558
9.5526
9.5485
9.5522
9.5556
9.5581
9.5595
9.56
9.5595
9.5581
9.5558
9.5526
9.5485
9.5522
9.5556
9.5581
9.5595
9.56
9.5595
9.5581
9.5558
9.5526
9.5485
9.5522
9.5556
9.5581
9.5595
9.56
9.5595
9.5581
9.5558
9.5526
9.5485
9.5522
9.5556
9.5581
9.5595
9.56
9.5595
9.5581
9.5558
9.5526
9.5485
9.5522
9.5556
9.5581
9.5595
9.56
9.5595
9.5581
9.5558
9.5526
9.5485
9.5522
9.5556
9.5581
9.5595
9.56
9.5595
9.5581
9.5558
9.5526
9.5485
9.5522
9.5556
9.5581
9.5595
9.56
9.5595
9.5581
9.5558
9.5526
9.5485
9.5522
9.5556
9.5581
9.5595
9.56
9.5595
9.5581
9.5558
9.5526
9.5485
9.5436
9.5378
9.5312
9.5238
9.5156
9.5066
9.4968
9.4864
9.4751
9.4632
9.4506
9.4373
9.4234
9.4088
9.3935
9.3777
9.3612
9.3441
9.3265
9.3083
9.2895
9.2702
9.2503
9.23
9.2091
9.1877
9.1659
9.1436
9.1208
9.0976
9.074
9.0499
9.0254
9.0005
8.9753
8.9496
8.9236
8.8972
8.8704
8.8433
8.8159
8.7882
8.7601
8.7317
8.7031
8.6741
8.6449
8.6154
8.5856
8.5556
8.5253
8.4948
8.4641
8.4331
8.4019
8.3706
8.339
8.3072
8.2752
8.2431
8.2107
8.1783
8.1456
8.1128
8.0799
8.0468
8.0135
7.9802
7.9467
7.9131
7.8794
7.8456
7.8116
7.7776
7.7435
7.7093
7.6751
7.6407
7.6063
7.5718
7.5373
7.5027
7.468
7.4333
7.3986
7.3638
7.329
7.2941
7.2593
7.2244
7.1895
7.1545
7.1196
7.0847
7.0497
7.0148
6.9798
6.9449
6.91
6.875
6.8401
6.8053
6.7704
6.7356
6.7008
6.666
6.6313
6.5966
6.5619
6.5273
6.4927
6.4582
6.4237
6.3893
6.355
6.3207
6.2864
6.2522
6.2181
6.184
6.1501
6.1161
6.0823
6.0485
6.0148
5.9812
5.9477
5.9142
5.8808
5.8475
5.8143
5.7812
5.7482
5.7153
5.6824
5.6497
5.617
5.5844
5.552
5.5196
5.4874
5.4552
5.4231
5.3912
5.3593
5.3276
5.296
5.2644
5.233
5.2017
5.1705
5.1394
5.1084
5.0776
5.0468
5.0162
4.9857
4.9553
4.925
4.8949
4.8648
4.8349
4.8051
4.7754
4.7458
4.7164
4.6871
4.6579
4.6288
4.5998
4.571
4.5423
4.5137
4.4853
4.457
4.4287
4.4007
4.3727
4.3449
4.3172
4.2896
4.2622
4.2349
4.2077
4.1806
4.1537
4.1269
4.1002
4.0737
4.0472
4.0209
3.9948
3.9687
3.9428
3.9171
3.8914
3.8659
3.8405
3.8152
3.7901
3.7651
3.7402
3.7155
3.6908
3.6663
3.642
3.6177
3.5936
3.5696
3.5458
3.5221
3.4985
3.475
3.4516
3.4284
3.4053
3.3824
3.3595
3.3368
3.3142
3.2917
3.2694
3.2472
3.2251
3.2031
3.1813
3.1595
3.138
3.1165
3.0951
3.0739
3.0528
3.0318
3.0109
2.9902
2.9696
2.9491
2.9287
2.9084
2.8883
2.8682
2.8483
2.8286
2.8089
2.7893
2.7699
2.7506
2.7314
2.7123
2.6933
2.6744
2.6557
2.6371
2.6186
2.6002
2.5819
2.5637
2.5456
2.5277
2.5098
2.4921
2.4745
2.457
2.4396
2.4223
2.4051
2.388
2.371
2.3542
2.3374
2.3208
2.3042
2.2878
2.2715
2.2552
2.2391
2.2231
2.2072
2.1914
2.1757
2.16
2.1445
2.1291
2.1138
2.0986
2.0835
2.0685
2.0536
2.0388
2.024
2.0094
1.9949
1.9805
1.9661
1.9519
1.9378
1.9237
1.9098
1.8959
1.8821
1.8685
1.8549
1.8414
1.828
1.8147
1.8014
1.7883
1.7753
1.7623
1.7494
1.7367
1.724
1.7114
1.6988
1.6864
1.6741
1.6618
1.6496
1.6375
1.6255
1.6136
1.6017
1.59
1.5783
1.5667
1.5552
1.5437
1.5323
1.5211
1.5099
1.4987
1.4877
1.4767
1.4658
1.455
1.4443
1.4336
1.423
1.4125
1.402
1.3917
1.3814
1.3712
1.361
1.3509
1.3409
1.331
1.3211
1.3113
1.3016
1.292
1.2824
1.2729
1.2634
1.254
1.2447
1.2355
1.2263
1.2172
1.2082
1.1992
1.1903
1.1814
1.1726
1.1639
1.1552
1.1467
1.1381
1.1296
1.1212
1.1129
1.1046
1.0964
1.0882
1.0801
1.0721
1.0641
1.0561
1.0483
1.0405
1.0327
1.025
1.0174
1.0098
1.0023
0.99479
0.98737
0.98001
0.9727
0.96545
0.95825
0.95111
0.94402
0.93698
0.92999
0.92306
0.91618
0.90935
0.90257
0.89584
0.88916
0.88253
0.87595
0.86943
0.86295
0.85652
0.85013
0.8438
0.83751
0.83127
0.82508
0.81894
0.81284
0.80679
0.80078
0.79482
0.78891
0.78304
0.77721
0.77143
0.76569
0.76
0.75435
0.74874
0.74318
0.73766
0.73218
0.72674
0.72134
0.71599
0.71068
0.7054
0.70017
0.69498
0.68983
0.68472
0.67964
0.67461
0.66961
0.66466
0.65974
0.65486
0.65002
0.64521
0.64045
0.63571
0.63102
0.62636
0.62174
0.61716
0.61261
0.60809
0.60361
0.59917
0.59476
0.59038
0.58604
0.58173
0.57746
0.57322
0.56901
0.56484
0.5607
0.55659
0.55251
0.54846
0.54445
0.54047
0.53652
0.5326
0.52871
0.52485
0.52102
0.51723
0.51346
0.50972
0.50601
0.50233
0.49868
0.49506
0.49147
0.48791
0.48437
0.48086
0.47738
0.47393
0.4705
0.46711
0.46373
0.46039
0.45707
0.45378
0.45052
0.44728
0.44406
0.44088
0.43771
0.43458
0.43146
0.42838
0.42531
0.42228
0.41926
0.41627
0.41331
0.41036
0.40745
0.40455
0.40168
0.39883
0.396
0.3932
0.39042
0.38766
0.38493
0.38221
0.37952
0.37685
0.3742
0.37157
0.36896
0.36638
0.36381
0.36127
0.35875
0.35624
0.35376
0.3513
0.34886
0.34643
0.34403
0.34164
0.33928
0.33693
0.33461
0.3323
0.33001
0.32774
0.32549
0.32326
0.32104
0.31884
0.31666
0.3145
0.31236
0.31023
0.30812
0.30603
0.30396
0.3019
0.29986
0.29783
0.29582
0.29383
0.29186
0.2899
0.28795
0.28603
0.28411
0.28222
0.28034
0.27847
0.27662
0.27479
0.27297
0.27117
0.26938
0.2676
0.26584
0.2641
0.26236
0.26065
0.25894
0.25726
0.25558
0.25392
0.25227
0.25064
0.24902
0.24741
0.24582
0.24423
0.24267
0.24111
0.23957
0.23804
0.23653
0.23502
0.23353
0.23205
0.23058
0.22913
0.22769
0.22626
0.22484
0.22343
0.22203
0.22065
0.21928
0.21792
0.21657
0.21523
0.2139
0.21259
0.21128
0.20999
0.2087
0.20743
0.20617
0.20492
0.20368
0.20244
0.20122
0.20001
0.19881
0.19762
0.19644
0.19527
0.19411
0.19296
0.19182
0.19069
0.18956
0.18845
0.18735
0.18625
0.18517
0.18409
0.18302
0.18197
0.18092
0.17988
0.17885
0.17782
0.17681
0.1758
0.1748
0.17381
0.17283
0.17186
0.1709
0.16994
0.16899
0.16805
0.16712
0.1662
0.16528
0.16437
0.16347
0.16258
0.16169
0.16081
0.15994
0.15908
0.15822
0.15737
0.15653
0.15569
0.15486
0.15404
0.15323
0.15242
0.15162
0.15083
0.15004
0.14926
0.14849
0.14772
0.14696
0.14621
0.14546
0.14472
0.14398
0.14325
0.14253
0.14181
0.1411
0.1404
0.1397
0.13901
0.13832
0.13764
0.13697
0.1363
0.13563
0.13498
0.13432
0.13368
0.13304
0.1324
0.13177
0.13115
0.13053
0.12991
0.1293
0.1287
0.1281
0.12751
0.12692
0.12634
0.12576
0.12518
0.12461
0.12405
0.06
