0.06
0.18111
0.2998
0.41612
0.53011
0.64178
0.75119
0.85837
0.96334
1.0662
1.1668
1.2654
1.3619
1.4563
1.5488
1.6393
1.7278
1.8144
1.8991
1.982
2.063
2.1422
2.2197
2.2954
2.3693
2.4416
2.5122
2.5812
2.6486
2.7144
2.7786
2.8412
2.9024
2.962
3.0202
3.077
3.1323
3.1862
3.2388
3.29
3.3398
3.3884
3.4356
3.4816
3.5263
3.5698
3.6121
3.6532
3.6932
3.732
3.7696
3.8062
3.8416
3.876
3.9093
3.9416
3.9728
4.0031
4.0323
4.0606
4.0879
4.1143
4.1398
4.1643
4.188
4.2108
4.2327
4.2538
4.274
4.2934
4.3121
4.3299
4.3469
4.3632
4.3788
4.3936
4.4077
4.421
4.4337
4.4457
4.457
4.4677
4.4777
4.4871
4.4959
4.504
4.5116
4.5185
4.5249
4.5307
4.5359
4.5406
4.5448
4.5484
4.5516
4.5542
4.5563
4.5579
4.5591
4.5598
4.56
4.5598
4.5591
4.558
4.5565
4.5546
4.5563
4.5579
4.5591
4.5598
4.56
4.5598
4.5591
4.558
4.5565
4.5546
4.5563
4.5579
4.5591
4.5598
4.56
4.5598
4.5591
4.558
4.5565
4.5546
4.5563
4.5579
4.5591
4.5598
4.56
4.5598
4.5591
4.558
4.5565
4.5546
4.5563
4.5579
4.5591
4.5598
4.56
4.5598
4.5591
4.558
4.5565
4.5546
4.5563
4.5579
4.5591
4.5598
4.56
4.5598
4.5591
4.558
4.5565
4.5546
4.5563
4.5579
4.5591
4.5598
4.56
4.5598
4.5591
4.558
4.5565
4.5546
4.5563
4.5579
4.5591
4.5598
4.56
4.5598
4.5591
4.558
4.5565
4.5546
4.5563
4.5579
4.5591
4.5598
4.56
4.5598
4.5591
4.558
4.5565
4.5546
4.5563
4.5579
4.5591
4.5598
4.56
4.5598
4.5591
4.558
4.5565
4.5546
4.5563
4.5579
4.5591
4.5598
4.56
4.5598
4.5591
4.558
4.5565
4.5546
4.5563
4.5579
4.5591
4.5598
4.56
4.5598
4.5591
4.558
4.5565
4.5546
4.5563
4.5579
4.5591
4.5598
4.56
4.5598
4.5591
4.558
4.5565
4.5546
4.5563
4.5579
4.5591
4.5598
4.56
4.5598
4.5591
4.558
4.5565
4.5546
4.5563
4.5579
4.5591
4.5598
4.56
4.5598
4.5591
4.558
4.5565
4.5546
4.5563
4.5579
4.5591
4.5598
4.56
4.5598
4.5591
4.558
4.5565
4.5546
4.5563
4.5579
4.5591
4.5598
4.56
4.5598
4.5591
4.558
4.5565
4.5546
4.5563
4.5579
4.5591
4.5598
4.56
4.5598
4.5591
4.558
4.5565
4.5546
4.5563
4.5579
4.5591
4.5598
4.56
4.5598
4.5591
4.558
4.5565
4.5546
4.5563
4.5579
4.5591
4.5598
4.56
4.5598
4.5591
4.558
4.5565
4.5546
4.5522
4.5495
4.5463
4.5428
4.5389
4.5347
4.5301
4.5251
4.5198
4.5142
4.5082
4.5019
4.4953
4.4884
4.4811
4.4736
4.4658
4.4577
4.4494
4.4408
4.4319
4.4227
4.4133
4.4037
4.3938
4.3837
4.3733
4.3628
4.352
4.341
4.3298
4.3184
4.3068
4.295
4.283
4.2709
4.2585
4.246
4.2334
4.2205
4.2075
4.1944
4.1811
4.1677
4.1541
4.1404
4.1265
4.1125
4.0984
4.0842
4.0699
4.0554
4.0409
4.0262
4.0114
3.9966
3.9816
3.9666
3.9514
3.9362
3.9209
3.9055
3.89
3.8745
3.8589
3.8432
3.8275
3.8117
3.7958
3.7799
3.7639
3.7479
3.7318
3.7157
3.6996
3.6834
3.6671
3.6509
3.6346
3.6182
3.6019
3.5855
3.5691
3.5526
3.5362
3.5197
3.5032
3.4867
3.4702
3.4537
3.4371
3.4206
3.404
3.3875
3.3709
3.3544
3.3378
3.3213
3.3047
3.2882
3.2716
3.2551
3.2386
3.2221
3.2056
3.1892
3.1727
3.1563
3.1399
3.1235
3.1071
3.0907
3.0744
3.0581
3.0418
3.0256
3.0093
2.9932
2.977
2.9609
2.9448
2.9287
2.9127
2.8967
2.8807
2.8648
2.8489
2.833
2.8172
2.8015
2.7857
2.7701
2.7544
2.7388
2.7232
2.7077
2.6923
2.6768
2.6615
2.6461
2.6309
2.6156
2.6004
2.5853
2.5702
2.5552
2.5402
2.5253
2.5104
2.4955
2.4808
2.466
2.4514
2.4368
2.4222
2.4077
2.3932
2.3788
2.3645
2.3502
2.336
2.3218
2.3077
2.2936
2.2796
2.2657
2.2518
2.2379
2.2242
2.2105
2.1968
2.1832
2.1697
2.1562
2.1428
2.1294
2.1161
2.1029
2.0897
2.0766
2.0635
2.0505
2.0376
2.0247
2.0119
1.9991
1.9864
1.9738
1.9612
1.9487
1.9362
1.9238
1.9115
1.8992
1.887
1.8749
1.8628
1.8508
1.8388
1.8269
1.815
1.8033
1.7915
1.7799
1.7683
1.7567
1.7452
1.7338
1.7225
1.7112
1.6999
1.6887
1.6776
1.6666
1.6556
1.6446
1.6337
1.6229
1.6122
1.6015
1.5908
1.5802
1.5697
1.5592
1.5488
1.5385
1.5282
1.518
1.5078
1.4977
1.4876
1.4776
1.4677
1.4578
1.448
1.4382
1.4285
1.4188
1.4092
1.3997
1.3902
1.3808
1.3714
1.3621
1.3528
1.3436
1.3345
1.3254
1.3163
1.3074
1.2984
1.2895
1.2807
1.2719
1.2632
1.2546
1.246
1.2374
1.2289
1.2204
1.212
1.2037
1.1954
1.1872
1.179
1.1708
1.1627
1.1547
1.1467
1.1388
1.1309
1.1231
1.1153
1.1075
1.0999
1.0922
1.0846
1.0771
1.0696
1.0622
1.0548
1.0474
1.0401
1.0329
1.0257
1.0185
1.0114
1.0043
0.99731
0.99034
0.98341
0.97653
0.9697
0.96291
0.95617
0.94947
0.94281
0.9362
0.92964
0.92312
0.91664
0.9102
0.90381
0.89746
0.89116
0.88489
0.87867
0.8725
0.86636
0.86026
0.85421
0.8482
0.84223
0.8363
0.83041
0.82456
0.81875
0.81298
0.80725
0.80156
0.79591
0.79029
0.78472
0.77919
0.77369
0.76823
0.76281
0.75743
0.75208
0.74678
0.74151
0.73627
0.73108
0.72591
0.72079
0.7157
0.71065
0.70563
0.70065
0.69571
0.6908
0.68592
0.68108
0.67627
0.6715
0.66676
0.66205
0.65738
0.65274
0.64814
0.64356
0.63903
0.63452
0.63004
0.6256
0.62119
0.61681
0.61246
0.60815
0.60386
0.59961
0.59539
0.5912
0.58703
0.5829
0.5788
0.57473
0.57069
0.56668
0.56269
0.55874
0.55481
0.55092
0.54705
0.54321
0.5394
0.53561
0.53186
0.52813
0.52443
0.52076
0.51711
0.51349
0.5099
0.50633
0.50279
0.49928
0.49579
0.49233
0.4889
0.48549
0.4821
0.47875
0.47541
0.4721
0.46882
0.46556
0.46232
0.45911
0.45592
0.45276
0.44962
0.4465
0.44341
0.44034
0.4373
0.43427
0.43127
0.4283
0.42534
0.42241
0.4195
0.41661
0.41374
0.4109
0.40807
0.40527
0.40249
0.39973
0.39699
0.39427
0.39158
0.3889
0.38625
0.38361
0.38099
0.3784
0.37582
0.37327
0.37073
0.36821
0.36572
0.36324
0.36078
0.35834
0.35592
0.35351
0.35113
0.34876
0.34642
0.34409
0.34178
0.33948
0.33721
0.33495
0.33271
0.33048
0.32828
0.32609
0.32392
0.32176
0.31962
0.3175
0.3154
0.31331
0.31123
0.30918
0.30714
0.30511
0.3031
0.30111
0.29913
0.29717
0.29523
0.29329
0.29138
0.28948
0.28759
0.28572
0.28386
0.28202
0.28019
0.27838
0.27658
0.2748
0.27303
0.27127
0.26953
0.2678
0.26608
0.26438
0.26269
0.26102
0.25936
0.25771
0.25607
0.25445
0.25284
0.25124
0.24966
0.24809
0.24653
0.24498
0.24345
0.24192
0.24041
0.23892
0.23743
0.23596
0.23449
0.23304
0.2316
0.23018
0.22876
0.22736
0.22596
0.22458
0.22321
0.22185
0.2205
0.21916
0.21783
0.21651
0.21521
0.21391
0.21263
0.21135
0.21009
0.20883
0.20759
0.20635
0.20513
0.20391
0.20271
0.20151
0.20033
0.19915
0.19798
0.19683
0.19568
0.19454
0.19341
0.19229
0.19118
0.19008
0.18898
0.1879
0.18682
0.18576
0.1847
0.18365
0.18261
0.18158
0.18055
0.17954
0.17853
0.17753
0.17654
0.17556
0.17458
0.17362
0.17266
0.17171
0.17076
0.16983
0.1689
0.16798
0.16707
0.16616
0.16526
0.16437
0.16349
0.16261
0.16174
0.16088
0.16003
0.15918
0.15834
0.1575
0.15668
0.15586
0.15504
0.15424
0.15344
0.15264
0.15186
0.15108
0.1503
0.14953
0.14877
0.14802
0.14727
0.14653
0.14579
0.14506
0.14434
0.14362
0.1429
0.1422
0.1415
0.1408
0.14011
0.13943
0.13875
0.13808
0.13741
0.13675
0.1361
0.13545
0.1348
0.13416
0.13353
0.1329
0.13228
0.13166
0.13105
0.13044
0.12984
0.12924
0.12864
0.12806
0.12747
0.1269
0.12632
0.12575
0.12519
0.12463
0.12408
0.12353
0.12298
0.12244
0.1219
0.12137
0.12085
0.12032
0.1198
0.11929
0.11878
0.11827
0.11777
0.11728
0.11678
0.1163
0.11581
0.11533
0.11485
0.11438
0.11391
0.11345
0.11299
0.11253
0.11208
0.11163
0.11118
0.11074
0.1103
0.10987
0.10944
0.10901
0.10859
0.10817
0.10775
0.10734
0.10693
0.10652
0.10612
0.10572
0.10533
0.10494
0.10455
0.10416
0.10378
0.1034
0.10302
0.10265
0.10228
0.10192
0.10155
0.10119
0.10083
0.10048
0.10013
0.099781
0.099436
0.099094
0.098754
0.098418
0.098084
0.097753
0.097425
0.0971
0.096778
0.096458
0.096141
0.095827
0.095515
0.095206
0.0949
0.094596
0.094295
0.093997
0.093701
0.093407
0.093116
0.092828
0.092542
0.092258
0.091977
0.091698
0.091422
0.091148
0.090876
0.090607
0.09034
0.06
