0.06
0.086912
0.11329
0.13914
0.16447
0.18929
0.2136
0.23742
0.26074
0.28359
0.30596
0.32786
0.34931
0.3703
0.39084
0.41095
0.43062
0.44986
0.46869
0.4871
0.50511
0.52271
0.53992
0.55675
0.57319
0.58925
0.60494
0.62027
0.63524
0.64986
0.66413
0.67805
0.69164
0.7049
0.71783
0.73044
0.74273
0.75472
0.76639
0.77777
0.78885
0.79964
0.81014
0.82035
0.8303
0.83996
0.84936
0.8585
0.86737
0.87599
0.88436
0.89248
0.90036
0.908
0.9154
0.92257
0.92952
0.93624
0.94274
0.94902
0.95509
0.96096
0.96662
0.97207
0.97733
0.98239
0.98727
0.99195
0.99645
1.0008
1.0049
1.0089
1.0127
1.0163
1.0197
1.023
1.0261
1.0291
1.0319
1.0346
1.0371
1.0395
1.0417
1.0438
1.0457
1.0476
1.0492
1.0508
1.0522
1.0535
1.0547
1.0557
1.0566
1.0574
1.0581
1.0587
1.0592
1.0595
1.0598
1.0599
1.06
1.06
1.0598
1.0596
1.0592
1.0588
1.0592
1.0595
1.0598
1.0599
1.06
1.06
1.0598
1.0596
1.0592
1.0588
1.0592
1.0595
1.0598
1.0599
1.06
1.06
1.0598
1.0596
1.0592
1.0588
1.0592
1.0595
1.0598
1.0599
1.06
1.06
1.0598
1.0596
1.0592
1.0588
1.0592
1.0595
1.0598
1.0599
1.06
1.06
1.0598
1.0596
1.0592
1.0588
1.0592
1.0595
1.0598
1.0599
1.06
1.06
1.0598
1.0596
1.0592
1.0588
1.0592
1.0595
1.0598
1.0599
1.06
1.06
1.0598
1.0596
1.0592
1.0588
1.0592
1.0595
1.0598
1.0599
1.06
1.06
1.0598
1.0596
1.0592
1.0588
1.0592
1.0595
1.0598
1.0599
1.06
1.06
1.0598
1.0596
1.0592
1.0588
1.0592
1.0595
1.0598
1.0599
1.06
1.06
1.0598
1.0596
1.0592
1.0588
1.0592
1.0595
1.0598
1.0599
1.06
1.06
1.0598
1.0596
1.0592
1.0588
1.0592
1.0595
1.0598
1.0599
1.06
1.06
1.0598
1.0596
1.0592
1.0588
1.0592
1.0595
1.0598
1.0599
1.06
1.06
1.0598
1.0596
1.0592
1.0588
1.0592
1.0595
1.0598
1.0599
1.06
1.06
1.0598
1.0596
1.0592
1.0588
1.0592
1.0595
1.0598
1.0599
1.06
1.06
1.0598
1.0596
1.0592
1.0588
1.0592
1.0595
1.0598
1.0599
1.06
1.06
1.0598
1.0596
1.0592
1.0588
1.0592
1.0595
1.0598
1.0599
1.06
1.06
1.0598
1.0596
1.0592
1.0588
1.0592
1.0595
1.0598
1.0599
1.06
1.06
1.0598
1.0596
1.0592
1.0588
1.0592
1.0595
1.0598
1.0599
1.06
1.06
1.0598
1.0596
1.0592
1.0588
1.0592
1.0595
1.0598
1.0599
1.06
1.06
1.0598
1.0596
1.0592
1.0588
1.0583
1.0577
1.057
1.0562
1.0553
1.0544
1.0534
1.0522
1.0511
1.0498
1.0485
1.0471
1.0456
1.0441
1.0425
1.0408
1.0391
1.0373
1.0354
1.0335
1.0315
1.0295
1.0274
1.0253
1.0231
1.0208
1.0185
1.0162
1.0138
1.0113
1.0088
1.0063
1.0037
1.0011
0.99845
0.99575
0.99301
0.99023
0.98741
0.98456
0.98167
0.97875
0.9758
0.97281
0.9698
0.96675
0.96367
0.96057
0.95743
0.95427
0.95109
0.94787
0.94464
0.94138
0.9381
0.93479
0.93147
0.92812
0.92476
0.92138
0.91797
0.91455
0.91112
0.90766
0.9042
0.90071
0.89721
0.8937
0.89018
0.88664
0.88309
0.87953
0.87596
0.87238
0.86879
0.86519
0.86159
0.85797
0.85435
0.85072
0.84708
0.84344
0.83979
0.83614
0.83248
0.82882
0.82516
0.82149
0.81782
0.81414
0.81047
0.80679
0.80312
0.79944
0.79576
0.79208
0.7884
0.78472
0.78105
0.77737
0.7737
0.77003
0.76636
0.76269
0.75903
0.75537
0.75171
0.74806
0.74441
0.74077
0.73713
0.7335
0.72987
0.72624
0.72263
0.71902
0.71541
0.71181
0.70822
0.70464
0.70106
0.69749
0.69393
0.69037
0.68682
0.68328
0.67975
0.67623
0.67272
0.66921
0.66572
0.66223
0.65876
0.65529
0.65183
0.64839
0.64495
0.64152
0.6381
0.6347
0.6313
0.62792
0.62454
0.62118
0.61783
0.61448
0.61115
0.60784
0.60453
0.60123
0.59795
0.59468
0.59142
0.58817
0.58493
0.58171
0.57849
0.57529
0.57211
0.56893
0.56577
0.56262
0.55948
0.55636
0.55325
0.55015
0.54706
0.54399
0.54093
0.53788
0.53484
0.53182
0.52881
0.52582
0.52284
0.51987
0.51691
0.51397
0.51104
0.50813
0.50522
0.50233
0.49946
0.4966
0.49375
0.49091
0.48809
0.48528
0.48249
0.47971
0.47694
0.47419
0.47145
0.46872
0.46601
0.46331
0.46062
0.45795
0.45529
0.45264
0.45001
0.44739
0.44479
0.44219
0.43961
0.43705
0.4345
0.43196
0.42944
0.42693
0.42443
0.42194
0.41947
0.41701
0.41457
0.41214
0.40972
0.40732
0.40493
0.40255
0.40018
0.39783
0.39549
0.39317
0.39085
0.38855
0.38627
0.38399
0.38173
0.37949
0.37725
0.37503
0.37282
0.37062
0.36844
0.36627
0.36411
0.36197
0.35983
0.35771
0.3556
0.35351
0.35143
0.34936
0.3473
0.34525
0.34322
0.3412
0.33919
0.33719
0.3352
0.33323
0.33127
0.32932
0.32738
0.32546
0.32355
0.32164
0.31976
0.31788
0.31601
0.31416
0.31231
0.31048
0.30866
0.30685
0.30505
0.30327
0.30149
0.29973
0.29798
0.29624
0.29451
0.29279
0.29108
0.28938
0.28769
0.28602
0.28435
0.2827
0.28106
0.27942
0.2778
0.27619
0.27459
0.273
0.27142
0.26985
0.26829
0.26674
0.2652
0.26367
0.26216
0.26065
0.25915
0.25766
0.25618
0.25471
0.25325
0.2518
0.25036
0.24893
0.24751
0.2461
0.2447
0.24331
0.24193
0.24055
0.23919
0.23784
0.23649
0.23516
0.23383
0.23251
0.2312
0.2299
0.22861
0.22733
0.22605
0.22479
0.22353
0.22229
0.22105
0.21982
0.2186
0.21738
0.21618
0.21498
0.2138
0.21262
0.21145
0.21028
0.20913
0.20798
0.20684
0.20571
0.20459
0.20347
0.20237
0.20127
0.20018
0.19909
0.19802
0.19695
0.19589
0.19484
0.19379
0.19275
0.19172
0.1907
0.18968
0.18867
0.18767
0.18668
0.18569
0.18471
0.18374
0.18277
0.18181
0.18086
0.17991
0.17898
0.17804
0.17712
0.1762
0.17529
0.17438
0.17349
0.17259
0.17171
0.17083
0.16996
0.16909
0.16823
0.16738
0.16653
0.16569
0.16486
0.16403
0.16321
0.16239
0.16158
0.16078
0.15998
0.15919
0.1584
0.15762
0.15684
0.15607
0.15531
0.15455
0.1538
0.15305
0.15231
0.15158
0.15085
0.15012
0.1494
0.14869
0.14798
0.14728
0.14658
0.14589
0.1452
0.14452
0.14384
0.14317
0.14251
0.14184
0.14119
0.14053
0.13989
0.13925
0.13861
0.13798
0.13735
0.13673
0.13611
0.1355
0.13489
0.13428
0.13368
0.13309
0.1325
0.13191
0.13133
0.13076
0.13018
0.12962
0.12905
0.12849
0.12794
0.12739
0.12684
0.1263
0.12576
0.12523
0.1247
0.12417
0.12365
0.12313
0.12262
0.12211
0.1216
0.1211
0.1206
0.12011
0.11962
0.11913
0.11865
0.11817
0.11769
0.11722
0.11675
0.11629
0.11583
0.11537
0.11492
0.11447
0.11402
0.11358
0.11314
0.1127
0.11227
0.11184
0.11142
0.11099
0.11058
0.11016
0.10975
0.10934
0.10893
0.10853
0.10813
0.10773
0.10734
0.10695
0.10656
0.10618
0.1058
0.10542
0.10504
0.10467
0.1043
0.10393
0.10357
0.10321
0.10285
0.1025
0.10215
0.1018
0.10145
0.10111
0.10077
0.10043
0.10009
0.099759
0.099429
0.099101
0.098776
0.098454
0.098134
0.097817
0.097502
0.09719
0.09688
0.096573
0.096269
0.095966
0.095666
0.095369
0.095074
0.094781
0.094491
0.094203
0.093917
0.093634
0.093352
0.093074
0.092797
0.092523
0.09225
0.09198
0.091713
0.091447
0.091184
0.090922
0.090663
0.090406
0.090151
0.089898
0.089647
0.089398
0.089151
0.088906
0.088663
0.088422
0.088183
0.087946
0.087711
0.087478
0.087247
0.087017
0.08679
0.086564
0.08634
0.086118
0.085898
0.085679
0.085463
0.085248
0.085035
0.084823
0.084614
0.084406
0.0842
0.083995
0.083792
0.083591
0.083391
0.083194
0.082997
0.082803
0.082609
0.082418
0.082228
0.08204
0.081853
0.081668
0.081484
0.081302
0.081121
0.080941
0.080764
0.080587
0.080412
0.080239
0.080067
0.079896
0.079727
0.07956
0.079393
0.079228
0.079064
0.078902
0.078741
0.078582
0.078423
0.078266
0.078111
0.077956
0.077803
0.077651
0.077501
0.077351
0.077203
0.077056
0.076911
0.076766
0.076623
0.076481
0.07634
0.0762
0.076062
0.075924
0.075788
0.075653
0.075519
0.075386
0.075254
0.075124
0.074994
0.074866
0.074738
0.074612
0.074487
0.074362
0.074239
0.074117
0.073996
0.073876
0.073757
0.073638
0.073521
0.073405
0.07329
0.073176
0.073062
0.07295
0.072839
0.072728
0.072619
0.07251
0.072402
0.072296
0.07219
0.072085
0.071981
0.071877
0.071775
0.071673
0.071573
0.071473
0.071374
0.071276
0.071178
0.071082
0.070986
0.070891
0.070797
0.070704
0.070612
0.07052
0.070429
0.070339
0.070249
0.070161
0.070073
0.069986
0.069899
0.069814
0.069729
0.069644
0.069561
0.069478
0.069396
0.069314
0.069234
0.069154
0.069074
0.068996
0.068918
0.06884
0.068764
0.068687
0.068612
0.068537
0.068463
0.06839
0.068317
0.068244
0.068173
0.068102
0.068031
0.067962
0.067892
0.067824
0.067756
0.067688
0.067621
0.067555
0.067489
0.067424
0.067359
0.067295
0.067231
0.067168
0.067106
0.067044
0.066983
0.066922
0.066861
0.066802
0.066742
0.06
