0.06
0.10037
0.13993
0.17871
0.2167
0.25393
0.2904
0.32612
0.36111
0.39538
0.42894
0.4618
0.49396
0.52545
0.55626
0.58642
0.61593
0.6448
0.67303
0.70065
0.72766
0.75407
0.77989
0.80512
0.82978
0.85388
0.87741
0.90041
0.92286
0.94479
0.96619
0.98708
1.0075
1.0273
1.0467
1.0657
1.0841
1.1021
1.1196
1.1367
1.1533
1.1695
1.1852
1.2005
1.2154
1.2299
1.244
1.2577
1.2711
1.284
1.2965
1.3087
1.3205
1.332
1.3431
1.3539
1.3643
1.3744
1.3841
1.3935
1.4026
1.4114
1.4199
1.4281
1.436
1.4436
1.4509
1.4579
1.4647
1.4711
1.4774
1.4833
1.489
1.4944
1.4996
1.5045
1.5092
1.5137
1.5179
1.5219
1.5257
1.5292
1.5326
1.5357
1.5386
1.5413
1.5439
1.5462
1.5483
1.5502
1.552
1.5535
1.5549
1.5561
1.5572
1.5581
1.5588
1.5593
1.5597
1.5599
1.56
1.5599
1.5597
1.5593
1.5588
1.5582
1.5588
1.5593
1.5597
1.5599
1.56
1.5599
1.5597
1.5593
1.5588
1.5582
1.5588
1.5593
1.5597
1.5599
1.56
1.5599
1.5597
1.5593
1.5588
1.5582
1.5588
1.5593
1.5597
1.5599
1.56
1.5599
1.5597
1.5593
1.5588
1.5582
1.5588
1.5593
1.5597
1.5599
1.56
1.5599
1.5597
1.5593
1.5588
1.5582
1.5588
1.5593
1.5597
1.5599
1.56
1.5599
1.5597
1.5593
1.5588
1.5582
1.5588
1.5593
1.5597
1.5599
1.56
1.5599
1.5597
1.5593
1.5588
1.5582
1.5588
1.5593
1.5597
1.5599
1.56
1.5599
1.5597
1.5593
1.5588
1.5582
1.5588
1.5593
1.5597
1.5599
1.56
1.5599
1.5597
1.5593
1.5588
1.5582
1.5588
1.5593
1.5597
1.5599
1.56
1.5599
1.5597
1.5593
1.5588
1.5582
1.5588
1.5593
1.5597
1.5599
1.56
1.5599
1.5597
1.5593
1.5588
1.5582
1.5588
1.5593
1.5597
1.5599
1.56
1.5599
1.5597
1.5593
1.5588
1.5582
1.5588
1.5593
1.5597
1.5599
1.56
1.5599
1.5597
1.5593
1.5588
1.5582
1.5588
1.5593
1.5597
1.5599
1.56
1.5599
1.5597
1.5593
1.5588
1.5582
1.5588
1.5593
1.5597
1.5599
1.56
1.5599
1.5597
1.5593
1.5588
1.5582
1.5588
1.5593
1.5597
1.5599
1.56
1.5599
1.5597
1.5593
1.5588
1.5582
1.5588
1.5593
1.5597
1.5599
1.56
1.5599
1.5597
1.5593
1.5588
1.5582
1.5588
1.5593
1.5597
1.5599
1.56
1.5599
1.5597
1.5593
1.5588
1.5582
1.5588
1.5593
1.5597
1.5599
1.56
1.5599
1.5597
1.5593
1.5588
1.5582
1.5588
1.5593
1.5597
1.5599
1.56
1.5599
1.5597
1.5593
1.5588
1.5582
1.5574
1.5565
1.5554
1.5543
1.553
1.5516
1.55
1.5484
1.5466
1.5447
1.5427
1.5406
1.5384
1.5361
1.5337
1.5312
1.5286
1.5259
1.5231
1.5203
1.5173
1.5142
1.5111
1.5079
1.5046
1.5012
1.4978
1.4943
1.4907
1.487
1.4833
1.4795
1.4756
1.4717
1.4677
1.4636
1.4595
1.4553
1.4511
1.4468
1.4425
1.4381
1.4337
1.4292
1.4247
1.4201
1.4155
1.4108
1.4061
1.4014
1.3966
1.3918
1.387
1.3821
1.3771
1.3722
1.3672
1.3622
1.3571
1.3521
1.347
1.3418
1.3367
1.3315
1.3263
1.3211
1.3158
1.3106
1.3053
1.3
1.2946
1.2893
1.2839
1.2786
1.2732
1.2678
1.2624
1.257
1.2515
1.2461
1.2406
1.2352
1.2297
1.2242
1.2187
1.2132
1.2077
1.2022
1.1967
1.1912
1.1857
1.1802
1.1747
1.1692
1.1636
1.1581
1.1526
1.1471
1.1416
1.1361
1.1305
1.125
1.1195
1.114
1.1085
1.1031
1.0976
1.0921
1.0866
1.0812
1.0757
1.0702
1.0648
1.0594
1.0539
1.0485
1.0431
1.0377
1.0323
1.027
1.0216
1.0162
1.0109
1.0056
1.0002
0.99493
0.98963
0.98435
0.97908
0.97382
0.96858
0.96335
0.95814
0.95293
0.94775
0.94258
0.93742
0.93228
0.92716
0.92205
0.91695
0.91187
0.90681
0.90177
0.89674
0.89173
0.88673
0.88175
0.87679
0.87185
0.86692
0.86201
0.85712
0.85225
0.8474
0.84256
0.83774
0.83294
0.82816
0.8234
0.81865
0.81393
0.80922
0.80454
0.79987
0.79522
0.79059
0.78598
0.78139
0.77682
0.77227
0.76773
0.76322
0.75873
0.75426
0.7498
0.74537
0.74096
0.73656
0.73219
0.72784
0.7235
0.71919
0.7149
0.71062
0.70637
0.70214
0.69793
0.69373
0.68956
0.68541
0.68128
0.67717
0.67308
0.66901
0.66496
0.66093
0.65692
0.65293
0.64896
0.64501
0.64109
0.63718
0.63329
0.62942
0.62558
0.62175
0.61794
0.61415
0.61039
0.60664
0.60291
0.59921
0.59552
0.59186
0.58821
0.58458
0.58098
0.57739
0.57382
0.57027
0.56675
0.56324
0.55975
0.55628
0.55283
0.5494
0.54599
0.5426
0.53923
0.53588
0.53255
0.52923
0.52594
0.52266
0.51941
0.51617
0.51295
0.50975
0.50657
0.50341
0.50026
0.49714
0.49403
0.49095
0.48788
0.48483
0.48179
0.47878
0.47578
0.47281
0.46985
0.46691
0.46398
0.46108
0.45819
0.45532
0.45247
0.44963
0.44682
0.44402
0.44123
0.43847
0.43572
0.43299
0.43028
0.42758
0.4249
0.42224
0.41959
0.41697
0.41435
0.41176
0.40918
0.40662
0.40407
0.40154
0.39903
0.39653
0.39405
0.39159
0.38914
0.3867
0.38429
0.38189
0.3795
0.37713
0.37478
0.37244
0.37011
0.3678
0.36551
0.36323
0.36097
0.35872
0.35649
0.35427
0.35207
0.34988
0.34771
0.34555
0.3434
0.34127
0.33915
0.33705
0.33496
0.33289
0.33083
0.32879
0.32675
0.32474
0.32273
0.32074
0.31877
0.3168
0.31485
0.31292
0.31099
0.30908
0.30719
0.3053
0.30343
0.30157
0.29973
0.2979
0.29608
0.29427
0.29248
0.29069
0.28893
0.28717
0.28542
0.28369
0.28197
0.28026
0.27857
0.27688
0.27521
0.27355
0.2719
0.27027
0.26864
0.26703
0.26542
0.26383
0.26225
0.26068
0.25913
0.25758
0.25605
0.25452
0.25301
0.25151
0.25001
0.24853
0.24706
0.2456
0.24415
0.24272
0.24129
0.23987
0.23846
0.23707
0.23568
0.2343
0.23293
0.23158
0.23023
0.22889
0.22756
0.22625
0.22494
0.22364
0.22235
0.22107
0.2198
0.21854
0.21729
0.21604
0.21481
0.21359
0.21237
0.21116
0.20997
0.20878
0.2076
0.20643
0.20526
0.20411
0.20297
0.20183
0.2007
0.19958
0.19847
0.19737
0.19627
0.19519
0.19411
0.19304
0.19197
0.19092
0.18987
0.18883
0.1878
0.18678
0.18577
0.18476
0.18376
0.18277
0.18178
0.1808
0.17983
0.17887
0.17791
0.17697
0.17602
0.17509
0.17416
0.17324
0.17233
0.17142
0.17053
0.16963
0.16875
0.16787
0.167
0.16613
0.16527
0.16442
0.16358
0.16274
0.16191
0.16108
0.16026
0.15945
0.15864
0.15784
0.15704
0.15625
0.15547
0.1547
0.15393
0.15316
0.1524
0.15165
0.1509
0.15016
0.14943
0.1487
0.14797
0.14725
0.14654
0.14583
0.14513
0.14444
0.14374
0.14306
0.14238
0.1417
0.14103
0.14037
0.13971
0.13906
0.13841
0.13776
0.13713
0.13649
0.13586
0.13524
0.13462
0.13401
0.1334
0.13279
0.13219
0.1316
0.13101
0.13042
0.12984
0.12927
0.12869
0.12813
0.12756
0.12701
0.12645
0.1259
0.12536
0.12482
0.12428
0.12375
0.12322
0.1227
0.12218
0.12166
0.12115
0.12064
0.12014
0.11964
0.11914
0.11865
0.11816
0.11768
0.1172
0.11673
0.11625
0.11579
0.11532
0.11486
0.1144
0.11395
0.1135
0.11305
0.11261
0.11217
0.11174
0.1113
0.11088
0.11045
0.11003
0.10961
0.1092
0.10878
0.10838
0.10797
0.10757
0.10717
0.10678
0.10638
0.10599
0.10561
0.10523
0.10485
0.10447
0.1041
0.10373
0.10336
0.10299
0.10263
0.10227
0.10192
0.10157
0.10122
0.10087
0.10053
0.10018
0.099846
0.09951
0.099177
0.098847
0.098519
0.098194
0.097872
0.097552
0.097235
0.096921
0.096609
0.0963
0.095993
0.095688
0.095387
0.095087
0.09479
0.094496
0.094204
0.093914
0.093627
0.093342
0.093059
0.092779
0.092501
0.092226
0.091952
0.091681
0.091412
0.091146
0.090881
0.090619
0.090359
0.090101
0.089845
0.089591
0.089339
0.08909
0.088842
0.088597
0.088353
0.088112
0.087872
0.087635
0.087399
0.087166
0.086934
0.086705
0.086477
0.086251
0.086027
0.085805
0.085584
0.085366
0.085149
0.084934
0.084721
0.08451
0.0843
0.084093
0.083887
0.083682
0.08348
0.083279
0.083079
0.082882
0.082686
0.082491
0.082299
0.082107
0.081918
0.08173
0.081544
0.081359
0.081175
0.080994
0.080813
0.080635
0.080458
0.080282
0.080108
0.079935
0.079763
0.079593
0.079425
0.079258
0.079092
0.078928
0.078765
0.078603
0.078443
0.078284
0.078127
0.077971
0.077816
0.077662
0.07751
0.077359
0.077209
0.077061
0.076914
0.076768
0.076623
0.076479
0.076337
0.076196
0.076056
0.075917
0.07578
0.075643
0.075508
0.075374
0.075241
0.075109
0.074979
0.074849
0.07472
0.074593
0.074467
0.074341
0.074217
0.074094
0.073972
0.073851
0.073731
0.073611
0.073493
0.073376
0.07326
0.073145
0.073031
0.072918
0.072806
0.072695
0.072584
0.072475
0.072367
0.072259
0.072153
0.072047
0.071942
0.071838
0.071735
0.071633
0.071532
0.071432
0.071332
0.071234
0.071136
0.071039
0.070943
0.070847
0.070753
0.070659
0.070566
0.070474
0.070383
0.070292
0.070202
0.070113
0.06
