0.06
0.2753
0.48631
0.69311
0.89574
1.0943
1.2888
1.4793
1.6659
1.8487
2.0277
2.2029
2.3745
2.5424
2.7067
2.8676
3.0249
3.1789
3.3295
3.4768
3.6209
3.7617
3.8994
4.034
4.1655
4.294
4.4195
4.5422
4.6619
4.7789
4.893
5.0044
5.1131
5.2192
5.3226
5.4235
5.5219
5.6177
5.7111
5.8021
5.8908
5.9771
6.0611
6.1428
6.2224
6.2997
6.3749
6.448
6.519
6.5879
6.6549
6.7199
6.7829
6.844
6.9032
6.9606
7.0161
7.0699
7.1219
7.1722
7.2208
7.2677
7.3129
7.3566
7.3986
7.4392
7.4781
7.5156
7.5516
7.5861
7.6192
7.6509
7.6812
7.7102
7.7378
7.7642
7.7892
7.813
7.8355
7.8568
7.877
7.8959
7.9137
7.9304
7.946
7.9605
7.9739
7.9862
7.9976
8.0079
8.0172
8.0256
8.033
8.0395
8.045
8.0497
8.0534
8.0563
8.0584
8.0596
8.06
8.0596
8.0584
8.0565
8.0538
8.0503
8.0534
8.0563
8.0584
8.0596
8.06
8.0596
8.0584
8.0565
8.0538
8.0503
8.0534
8.0563
8.0584
8.0596
8.06
8.0596
8.0584
8.0565
8.0538
8.0503
8.0534
8.0563
8.0584
8.0596
8.06
8.0596
8.0584
8.0565
8.0538
8.0503
8.0534
8.0563
8.0584
8.0596
8.06
8.0596
8.0584
8.0565
8.0538
8.0503
8.0534
8.0563
8.0584
8.0596
8.06
8.0596
8.0584
8.0565
8.0538
8.0503
8.0534
8.0563
8.0584
8.0596
8.06
8.0596
8.0584
8.0565
8.0538
8.0503
8.0534
8.0563
8.0584
8.0596
8.06
8.0596
8.0584
8.0565
8.0538
8.0503
8.0534
8.0563
8.0584
8.0596
8.06
8.0596
8.0584
8.0565
8.0538
8.0503
8.0534
8.0563
8.0584
8.0596
8.06
8.0596
8.0584
8.0565
8.0538
8.0503
8.0534
8.0563
8.0584
8.0596
8.06
8.0596
8.0584
8.0565
8.0538
8.0503
8.0534
8.0563
8.0584
8.0596
8.06
8.0596
8.0584
8.0565
8.0538
8.0503
8.0534
8.0563
8.0584
8.0596
8.06
8.0596
8.0584
8.0565
8.0538
8.0503
8.0534
8.0563
8.0584
8.0596
8.06
8.0596
8.0584
8.0565
8.0538
8.0503
8.0534
8.0563
8.0584
8.0596
8.06
8.0596
8.0584
8.0565
8.0538
8.0503
8.0534
8.0563
8.0584
8.0596
8.06
8.0596
8.0584
8.0565
8.0538
8.0503
8.0534
8.0563
8.0584
8.0596
8.06
8.0596
8.0584
8.0565
8.0538
8.0503
8.0534
8.0563
8.0584
8.0596
8.06
8.0596
8.0584
8.0565
8.0538
8.0503
8.0534
8.0563
8.0584
8.0596
8.06
8.0596
8.0584
8.0565
8.0538
8.0503
8.0534
8.0563
8.0584
8.0596
8.06
8.0596
8.0584
8.0565
8.0538
8.0503
8.0462
8.0413
8.0357
8.0295
8.0226
8.015
8.0068
7.998
7.9885
7.9785
7.9679
7.9567
7.945
7.9327
7.9198
7.9065
7.8926
7.8782
7.8633
7.848
7.8322
7.8159
7.7992
7.7821
7.7645
7.7465
7.7281
7.7093
7.6902
7.6706
7.6507
7.6304
7.6098
7.5889
7.5676
7.546
7.5241
7.5018
7.4793
7.4565
7.4334
7.41
7.3864
7.3625
7.3384
7.314
7.2894
7.2645
7.2395
7.2142
7.1887
7.163
7.1371
7.111
7.0848
7.0584
7.0318
7.005
6.9781
6.951
6.9238
6.8964
6.8689
6.8413
6.8136
6.7857
6.7577
6.7296
6.7014
6.6731
6.6447
6.6163
6.5877
6.5591
6.5303
6.5015
6.4727
6.4438
6.4148
6.3857
6.3567
6.3275
6.2983
6.2691
6.2399
6.2106
6.1813
6.1519
6.1225
6.0932
6.0638
6.0343
6.0049
5.9755
5.9461
5.9166
5.8872
5.8578
5.8284
5.799
5.7696
5.7402
5.7109
5.6815
5.6522
5.623
5.5937
5.5645
5.5353
5.5062
5.477
5.448
5.4189
5.39
5.361
5.3321
5.3033
5.2745
5.2458
5.2171
5.1885
5.1599
5.1314
5.103
5.0746
5.0463
5.018
4.9899
4.9618
4.9337
4.9058
4.8779
4.8501
4.8223
4.7947
4.7671
4.7396
4.7122
4.6848
4.6576
4.6304
4.6033
4.5763
4.5494
4.5226
4.4959
4.4692
4.4427
4.4162
4.3899
4.3636
4.3374
4.3113
4.2853
4.2594
4.2337
4.208
4.1824
4.1569
4.1315
4.1062
4.081
4.0559
4.0309
4.006
3.9812
3.9565
3.9319
3.9074
3.883
3.8588
3.8346
3.8105
3.7866
3.7627
3.7389
3.7153
3.6918
3.6683
3.645
3.6218
3.5987
3.5757
3.5528
3.53
3.5073
3.4847
3.4623
3.4399
3.4177
3.3955
3.3735
3.3516
3.3298
3.308
3.2864
3.265
3.2436
3.2223
3.2011
3.1801
3.1591
3.1383
3.1175
3.0969
3.0764
3.056
3.0357
3.0155
2.9954
2.9754
2.9555
2.9358
2.9161
2.8966
2.8771
2.8578
2.8385
2.8194
2.8004
2.7815
2.7626
2.7439
2.7253
2.7068
2.6884
2.6701
2.652
2.6339
2.6159
2.598
2.5802
2.5626
2.545
2.5275
2.5102
2.4929
2.4757
2.4587
2.4417
2.4248
2.4081
2.3914
2.3748
2.3584
2.342
2.3257
2.3096
2.2935
2.2775
2.2616
2.2459
2.2302
2.2146
2.1991
2.1837
2.1684
2.1532
2.138
2.123
2.1081
2.0932
2.0785
2.0638
2.0493
2.0348
2.0204
2.0061
1.9919
1.9778
1.9638
1.9499
1.936
1.9223
1.9086
1.895
1.8816
1.8682
1.8548
1.8416
1.8285
1.8154
1.8024
1.7895
1.7767
1.764
1.7514
1.7388
1.7263
1.7139
1.7016
1.6894
1.6772
1.6652
1.6532
1.6413
1.6294
1.6177
1.606
1.5944
1.5829
1.5715
1.5601
1.5488
1.5376
1.5265
1.5154
1.5044
1.4935
1.4827
1.4719
1.4612
1.4506
1.4401
1.4296
1.4192
1.4089
1.3986
1.3884
1.3783
1.3683
1.3583
1.3484
1.3386
1.3288
1.3191
1.3094
1.2999
1.2904
1.2809
1.2716
1.2623
1.253
1.2438
1.2347
1.2257
1.2167
1.2078
1.1989
1.1901
1.1814
1.1727
1.1641
1.1556
1.1471
1.1387
1.1303
1.122
1.1138
1.1056
1.0974
1.0894
1.0814
1.0734
1.0655
1.0577
1.0499
1.0422
1.0345
1.0269
1.0193
1.0118
1.0043
0.99695
0.9896
0.98231
0.97507
0.96789
0.96076
0.95367
0.94664
0.93967
0.93274
0.92586
0.91904
0.91226
0.90554
0.89886
0.89223
0.88565
0.87912
0.87264
0.86621
0.85982
0.85348
0.84719
0.84095
0.83475
0.82859
0.82249
0.81642
0.81041
0.80444
0.79851
0.79263
0.78679
0.78099
0.77524
0.76953
0.76386
0.75824
0.75266
0.74712
0.74162
0.73617
0.73075
0.72538
0.72004
0.71475
0.70949
0.70428
0.69911
0.69397
0.68887
0.68382
0.6788
0.67382
0.66887
0.66397
0.6591
0.65427
0.64947
0.64471
0.63999
0.63531
0.63066
0.62604
0.62146
0.61692
0.61241
0.60794
0.6035
0.59909
0.59472
0.59038
0.58608
0.5818
0.57757
0.57336
0.56919
0.56504
0.56093
0.55686
0.55281
0.5488
0.54481
0.54086
0.53694
0.53305
0.52918
0.52535
0.52155
0.51778
0.51404
0.51032
0.50664
0.50298
0.49935
0.49576
0.49218
0.48864
0.48513
0.48164
0.47818
0.47474
0.47134
0.46796
0.46461
0.46128
0.45798
0.4547
0.45145
0.44823
0.44503
0.44186
0.43871
0.43559
0.43249
0.42942
0.42637
0.42334
0.42034
0.41736
0.41441
0.41148
0.40857
0.40569
0.40283
0.39999
0.39717
0.39438
0.3916
0.38886
0.38613
0.38342
0.38074
0.37807
0.37543
0.37281
0.37021
0.36763
0.36507
0.36254
0.36002
0.35752
0.35504
0.35259
0.35015
0.34773
0.34533
0.34295
0.34059
0.33825
0.33593
0.33362
0.33134
0.32907
0.32682
0.32459
0.32238
0.32018
0.318
0.31584
0.3137
0.31158
0.30947
0.30738
0.3053
0.30325
0.30121
0.29918
0.29717
0.29518
0.29321
0.29125
0.28931
0.28738
0.28547
0.28357
0.28169
0.27982
0.27797
0.27614
0.27432
0.27251
0.27072
0.26895
0.26718
0.26544
0.2637
0.26198
0.26028
0.25859
0.25691
0.25525
0.2536
0.25196
0.25034
0.24873
0.24713
0.24555
0.24398
0.24242
0.24088
0.23934
0.23782
0.23632
0.23482
0.23334
0.23187
0.23041
0.22897
0.22753
0.22611
0.2247
0.2233
0.22191
0.22054
0.21917
0.21782
0.21648
0.21515
0.21382
0.21252
0.21122
0.20993
0.20865
0.20739
0.20613
0.20488
0.20365
0.20242
0.20121
0.2
0.19881
0.19763
0.19645
0.19528
0.19413
0.19298
0.19185
0.19072
0.1896
0.18849
0.18739
0.1863
0.18522
0.18415
0.18309
0.18204
0.18099
0.17995
0.17893
0.17791
0.1769
0.17589
0.1749
0.17391
0.17294
0.17197
0.17101
0.17005
0.16911
0.16817
0.16724
0.16632
0.1654
0.1645
0.1636
0.16271
0.16183
0.16095
0.16008
0.15922
0.15836
0.15752
0.15668
0.15584
0.15502
0.1542
0.15339
0.15258
0.15178
0.15099
0.15021
0.14943
0.14866
0.14789
0.14713
0.14638
0.14563
0.14489
0.14416
0.14343
0.14271
0.142
0.14129
0.14058
0.13989
0.13919
0.13851
0.13783
0.13715
0.13649
0.13582
0.13517
0.13452
0.13387
0.13323
0.13259
0.13196
0.13134
0.13072
0.13011
0.1295
0.1289
0.1283
0.1277
0.12712
0.12653
0.12596
0.12538
0.12481
0.12425
0.12369
0.12314
0.12259
0.12204
0.1215
0.12097
0.12044
0.11991
0.11939
0.11887
0.11836
0.11785
0.11735
0.11685
0.11635
0.11586
0.11537
0.11489
0.11441
0.11394
0.06
