0.06
0.32912
0.59289
0.85138
1.1047
1.3529
1.596
1.8342
2.0674
2.2959
2.5196
2.7386
2.9531
3.163
3.3684
3.5695
3.7662
3.9586
4.1469
4.331
4.5111
4.6871
4.8592
5.0275
5.1919
5.3525
5.5094
5.6627
5.8124
5.9586
6.1013
6.2405
6.3764
6.509
6.6383
6.7644
6.8873
7.0072
7.1239
7.2377
7.3485
7.4564
7.5614
7.6635
7.763
7.8596
7.9536
8.045
8.1337
8.2199
8.3036
8.3848
8.4636
8.54
8.614
8.6857
8.7552
8.8224
8.8874
8.9502
9.0109
9.0696
9.1262
9.1807
9.2333
9.2839
9.3327
9.3795
9.4245
9.4676
9.509
9.5486
9.5865
9.6227
9.6573
9.6902
9.7215
9.7512
9.7794
9.8061
9.8312
9.8549
9.8772
9.898
9.9175
9.9356
9.9524
9.9678
9.982
9.9949
10.007
10.017
10.026
10.034
10.041
10.047
10.052
10.055
10.058
10.059
10.06
10.06
10.058
10.056
10.052
10.048
10.052
10.055
10.058
10.059
10.06
10.06
10.058
10.056
10.052
10.048
10.052
10.055
10.058
10.059
10.06
10.06
10.058
10.056
10.052
10.048
10.052
10.055
10.058
10.059
10.06
10.06
10.058
10.056
10.052
10.048
10.052
10.055
10.058
10.059
10.06
10.06
10.058
10.056
10.052
10.048
10.052
10.055
10.058
10.059
10.06
10.06
10.058
10.056
10.052
10.048
10.052
10.055
10.058
10.059
10.06
10.06
10.058
10.056
10.052
10.048
10.052
10.055
10.058
10.059
10.06
10.06
10.058
10.056
10.052
10.048
10.052
10.055
10.058
10.059
10.06
10.06
10.058
10.056
10.052
10.048
10.052
10.055
10.058
10.059
10.06
10.06
10.058
10.056
10.052
10.048
10.052
10.055
10.058
10.059
10.06
10.06
10.058
10.056
10.052
10.048
10.052
10.055
10.058
10.059
10.06
10.06
10.058
10.056
10.052
10.048
10.052
10.055
10.058
10.059
10.06
10.06
10.058
10.056
10.052
10.048
10.052
10.055
10.058
10.059
10.06
10.06
10.058
10.056
10.052
10.048
10.052
10.055
10.058
10.059
10.06
10.06
10.058
10.056
10.052
10.048
10.052
10.055
10.058
10.059
10.06
10.06
10.058
10.056
10.052
10.048
10.052
10.055
10.058
10.059
10.06
10.06
10.058
10.056
10.052
10.048
10.052
10.055
10.058
10.059
10.06
10.06
10.058
10.056
10.052
10.048
10.052
10.055
10.058
10.059
10.06
10.06
10.058
10.056
10.052
10.048
10.052
10.055
10.058
10.059
10.06
10.06
10.058
10.056
10.052
10.048
10.043
10.037
10.03
10.022
10.013
10.004
9.9935
9.9825
9.9707
9.9581
9.9449
9.9309
9.9162
9.9008
9.8848
9.8681
9.8507
9.8328
9.8142
9.795
9.7752
9.7549
9.734
9.7126
9.6906
9.6682
9.6452
9.6217
9.5977
9.5733
9.5484
9.5231
9.4973
9.4711
9.4445
9.4175
9.3901
9.3623
9.3341
9.3056
9.2767
9.2475
9.218
9.1881
9.158
9.1275
9.0967
9.0657
9.0343
9.0027
8.9709
8.9387
8.9064
8.8738
8.841
8.8079
8.7747
8.7412
8.7076
8.6738
8.6397
8.6055
8.5712
8.5366
8.502
8.4671
8.4321
8.397
8.3618
8.3264
8.2909
8.2553
8.2196
8.1838
8.1479
8.1119
8.0759
8.0397
8.0035
7.9672
7.9308
7.8944
7.8579
7.8214
7.7848
7.7482
7.7116
7.6749
7.6382
7.6014
7.5647
7.5279
7.4912
7.4544
7.4176
7.3808
7.344
7.3072
7.2705
7.2337
7.197
7.1603
7.1236
7.0869
7.0503
7.0137
6.9771
6.9406
6.9041
6.8677
6.8313
6.795
6.7587
6.7224
6.6863
6.6502
6.6141
6.5781
6.5422
6.5064
6.4706
6.4349
6.3993
6.3637
6.3282
6.2928
6.2575
6.2223
6.1872
6.1521
6.1172
6.0823
6.0476
6.0129
5.9783
5.9439
5.9095
5.8752
5.841
5.807
5.773
5.7392
5.7054
5.6718
5.6383
5.6048
5.5715
5.5384
5.5053
5.4723
5.4395
5.4068
5.3742
5.3417
5.3093
5.2771
5.2449
5.2129
5.1811
5.1493
5.1177
5.0862
5.0548
5.0236
4.9925
4.9615
4.9306
4.8999
4.8693
4.8388
4.8084
4.7782
4.7481
4.7182
4.6884
4.6587
4.6291
4.5997
4.5704
4.5413
4.5122
4.4833
4.4546
4.426
4.3975
4.3691
4.3409
4.3128
4.2849
4.2571
4.2294
4.2019
4.1745
4.1472
4.1201
4.0931
4.0662
4.0395
4.0129
3.9864
3.9601
3.9339
3.9079
3.8819
3.8561
3.8305
3.805
3.7796
3.7544
3.7293
3.7043
3.6794
3.6547
3.6301
3.6057
3.5814
3.5572
3.5332
3.5093
3.4855
3.4618
3.4383
3.4149
3.3917
3.3685
3.3455
3.3227
3.2999
3.2773
3.2549
3.2325
3.2103
3.1882
3.1662
3.1444
3.1227
3.1011
3.0797
3.0583
3.0371
3.016
2.9951
2.9743
2.9536
2.933
2.9125
2.8922
2.872
2.8519
2.8319
2.812
2.7923
2.7727
2.7532
2.7338
2.7146
2.6955
2.6764
2.6576
2.6388
2.6201
2.6016
2.5831
2.5648
2.5466
2.5285
2.5105
2.4927
2.4749
2.4573
2.4398
2.4224
2.4051
2.3879
2.3708
2.3538
2.3369
2.3202
2.3035
2.287
2.2706
2.2542
2.238
2.2219
2.2059
2.19
2.1742
2.1585
2.1429
2.1274
2.112
2.0967
2.0816
2.0665
2.0515
2.0366
2.0218
2.0071
1.9925
1.978
1.9636
1.9493
1.9351
1.921
1.907
1.8931
1.8793
1.8655
1.8519
1.8384
1.8249
1.8116
1.7983
1.7851
1.772
1.759
1.7461
1.7333
1.7205
1.7079
1.6953
1.6829
1.6705
1.6582
1.646
1.6338
1.6218
1.6098
1.598
1.5862
1.5745
1.5628
1.5513
1.5398
1.5284
1.5171
1.5059
1.4947
1.4837
1.4727
1.4618
1.4509
1.4402
1.4295
1.4189
1.4084
1.3979
1.3875
1.3772
1.367
1.3568
1.3467
1.3367
1.3268
1.3169
1.3071
1.2974
1.2877
1.2781
1.2686
1.2591
1.2498
1.2404
1.2312
1.222
1.2129
1.2038
1.1949
1.1859
1.1771
1.1683
1.1596
1.1509
1.1423
1.1338
1.1253
1.1169
1.1086
1.1003
1.0921
1.0839
1.0758
1.0678
1.0598
1.0519
1.044
1.0362
1.0284
1.0207
1.0131
1.0055
0.99801
0.99054
0.98314
0.97578
0.96848
0.96124
0.95405
0.94691
0.93983
0.9328
0.92582
0.9189
0.91203
0.90521
0.89844
0.89172
0.88505
0.87843
0.87187
0.86535
0.85888
0.85246
0.84609
0.83977
0.8335
0.82727
0.82109
0.81496
0.80887
0.80283
0.79684
0.79089
0.78499
0.77913
0.77332
0.76755
0.76183
0.75615
0.75051
0.74492
0.73937
0.73386
0.7284
0.72298
0.7176
0.71226
0.70696
0.7017
0.69648
0.69131
0.68617
0.68107
0.67601
0.67099
0.66602
0.66107
0.65617
0.65131
0.64648
0.64169
0.63694
0.63222
0.62754
0.6229
0.6183
0.61373
0.60919
0.60469
0.60023
0.5958
0.59141
0.58705
0.58272
0.57843
0.57417
0.56995
0.56576
0.5616
0.55747
0.55338
0.54932
0.54529
0.54129
0.53733
0.53339
0.52949
0.52561
0.52177
0.51796
0.51418
0.51043
0.5067
0.50301
0.49935
0.49571
0.49211
0.48853
0.48498
0.48146
0.47797
0.47451
0.47107
0.46766
0.46428
0.46092
0.45759
0.45429
0.45101
0.44776
0.44454
0.44134
0.43817
0.43502
0.4319
0.4288
0.42573
0.42269
0.41966
0.41666
0.41369
0.41074
0.40781
0.40491
0.40203
0.39917
0.39634
0.39352
0.39074
0.38797
0.38523
0.3825
0.3798
0.37713
0.37447
0.37184
0.36922
0.36663
0.36406
0.36151
0.35898
0.35647
0.35398
0.35151
0.34906
0.34663
0.34422
0.34183
0.33946
0.33711
0.33478
0.33247
0.33017
0.3279
0.32564
0.3234
0.32118
0.31898
0.31679
0.31463
0.31248
0.31035
0.30823
0.30614
0.30406
0.302
0.29995
0.29792
0.29591
0.29391
0.29194
0.28997
0.28803
0.28609
0.28418
0.28228
0.2804
0.27853
0.27668
0.27484
0.27302
0.27121
0.26941
0.26764
0.26587
0.26412
0.26239
0.26067
0.25896
0.25727
0.2556
0.25393
0.25228
0.25064
0.24902
0.24741
0.24582
0.24423
0.24266
0.24111
0.23956
0.23803
0.23651
0.23501
0.23351
0.23203
0.23056
0.22911
0.22766
0.22623
0.22481
0.2234
0.222
0.22062
0.21924
0.21788
0.21653
0.21519
0.21386
0.21254
0.21124
0.20994
0.20866
0.20738
0.20612
0.20487
0.20362
0.20239
0.20117
0.19996
0.19876
0.19757
0.19638
0.19521
0.19405
0.1929
0.19176
0.19062
0.1895
0.18839
0.18728
0.18619
0.1851
0.18402
0.18296
0.1819
0.18085
0.17981
0.17877
0.17775
0.17673
0.17573
0.17473
0.17374
0.17276
0.17178
0.17082
0.16986
0.16891
0.16797
0.16704
0.16612
0.1652
0.16429
0.16339
0.16249
0.16161
0.16073
0.15986
0.15899
0.15814
0.15729
0.15644
0.15561
0.15478
0.15396
0.15314
0.15234
0.15154
0.15074
0.14996
0.14918
0.1484
0.14764
0.14687
0.14612
0.14537
0.14463
0.1439
0.14317
0.14244
0.14173
0.14102
0.14031
0.13962
0.13892
0.13824
0.13756
0.13688
0.13621
0.13555
0.13489
0.13424
0.13359
0.13295
0.13231
0.13168
0.13106
0.13044
0.12983
0.12922
0.12861
0.12802
0.12742
0.06
