0.06
0.23493
0.40638
0.5744
0.73904
0.90036
1.0584
1.2132
1.3648
1.5133
1.6587
1.8011
1.9405
2.0769
2.2105
2.3412
2.469
2.5941
2.7165
2.8362
2.9532
3.0676
3.1795
3.2889
3.3957
3.5001
3.6021
3.7018
3.7991
3.8941
3.9868
4.0773
4.1657
4.2518
4.3359
4.4179
4.4978
4.5757
4.6516
4.7255
4.7975
4.8676
4.9359
5.0023
5.0669
5.1298
5.1909
5.2502
5.3079
5.364
5.4183
5.4711
5.5223
5.572
5.6201
5.6667
5.7119
5.7555
5.7978
5.8386
5.8781
5.9162
5.953
5.9885
6.0227
6.0556
6.0872
6.1177
6.1469
6.175
6.2019
6.2276
6.2522
6.2758
6.2982
6.3196
6.34
6.3593
6.3776
6.3949
6.4113
6.4267
6.4412
6.4547
6.4674
6.4791
6.49
6.5001
6.5093
6.5177
6.5252
6.532
6.5381
6.5433
6.5478
6.5516
6.5547
6.557
6.5587
6.5597
6.56
6.5597
6.5587
6.5571
6.5549
6.5521
6.5547
6.557
6.5587
6.5597
6.56
6.5597
6.5587
6.5571
6.5549
6.5521
6.5547
6.557
6.5587
6.5597
6.56
6.5597
6.5587
6.5571
6.5549
6.5521
6.5547
6.557
6.5587
6.5597
6.56
6.5597
6.5587
6.5571
6.5549
6.5521
6.5547
6.557
6.5587
6.5597
6.56
6.5597
6.5587
6.5571
6.5549
6.5521
6.5547
6.557
6.5587
6.5597
6.56
6.5597
6.5587
6.5571
6.5549
6.5521
6.5547
6.557
6.5587
6.5597
6.56
6.5597
6.5587
6.5571
6.5549
6.5521
6.5547
6.557
6.5587
6.5597
6.56
6.5597
6.5587
6.5571
6.5549
6.5521
6.5547
6.557
6.5587
6.5597
6.56
6.5597
6.5587
6.5571
6.5549
6.5521
6.5547
6.557
6.5587
6.5597
6.56
6.5597
6.5587
6.5571
6.5549
6.5521
6.5547
6.557
6.5587
6.5597
6.56
6.5597
6.5587
6.5571
6.5549
6.5521
6.5547
6.557
6.5587
6.5597
6.56
6.5597
6.5587
6.5571
6.5549
6.5521
6.5547
6.557
6.5587
6.5597
6.56
6.5597
6.5587
6.5571
6.5549
6.5521
6.5547
6.557
6.5587
6.5597
6.56
6.5597
6.5587
6.5571
6.5549
6.5521
6.5547
6.557
6.5587
6.5597
6.56
6.5597
6.5587
6.5571
6.5549
6.5521
6.5547
6.557
6.5587
6.5597
6.56
6.5597
6.5587
6.5571
6.5549
6.5521
6.5547
6.557
6.5587
6.5597
6.56
6.5597
6.5587
6.5571
6.5549
6.5521
6.5547
6.557
6.5587
6.5597
6.56
6.5597
6.5587
6.5571
6.5549
6.5521
6.5547
6.557
6.5587
6.5597
6.56
6.5597
6.5587
6.5571
6.5549
6.5521
6.5547
6.557
6.5587
6.5597
6.56
6.5597
6.5587
6.5571
6.5549
6.5521
6.5488
6.5448
6.5403
6.5352
6.5296
6.5234
6.5168
6.5096
6.5019
6.4938
6.4852
6.4761
6.4665
6.4565
6.4461
6.4352
6.424
6.4123
6.4002
6.3878
6.3749
6.3617
6.3481
6.3342
6.3199
6.3053
6.2904
6.2751
6.2595
6.2436
6.2275
6.211
6.1942
6.1772
6.1599
6.1424
6.1245
6.1065
6.0882
6.0696
6.0509
6.0319
6.0127
5.9933
5.9737
5.9539
5.9339
5.9137
5.8933
5.8728
5.8521
5.8312
5.8102
5.789
5.7676
5.7462
5.7246
5.7028
5.6809
5.6589
5.6368
5.6146
5.5923
5.5698
5.5473
5.5246
5.5019
5.4791
5.4562
5.4332
5.4101
5.387
5.3638
5.3405
5.3171
5.2938
5.2703
5.2468
5.2233
5.1997
5.176
5.1524
5.1286
5.1049
5.0811
5.0573
5.0335
5.0097
4.9858
4.9619
4.9381
4.9142
4.8903
4.8663
4.8424
4.8185
4.7946
4.7707
4.7468
4.7229
4.699
4.6752
4.6513
4.6275
4.6037
4.5799
4.5561
4.5324
4.5087
4.485
4.4613
4.4377
4.4141
4.3906
4.3671
4.3436
4.3202
4.2968
4.2734
4.2501
4.2269
4.2037
4.1805
4.1574
4.1344
4.1113
4.0884
4.0655
4.0427
4.0199
3.9972
3.9745
3.9519
3.9294
3.9069
3.8845
3.8622
3.8399
3.8177
3.7955
3.7735
3.7515
3.7295
3.7077
3.6859
3.6641
3.6425
3.6209
3.5994
3.578
3.5567
3.5354
3.5142
3.4931
3.4721
3.4511
3.4302
3.4094
3.3887
3.3681
3.3475
3.327
3.3066
3.2863
3.2661
3.246
3.2259
3.2059
3.186
3.1662
3.1465
3.1268
3.1073
3.0878
3.0684
3.0491
3.0299
3.0108
2.9918
2.9728
2.954
2.9352
2.9165
2.8979
2.8794
2.8609
2.8426
2.8243
2.8062
2.7881
2.7701
2.7522
2.7344
2.7167
2.699
2.6815
2.664
2.6467
2.6294
2.6122
2.5951
2.578
2.5611
2.5443
2.5275
2.5108
2.4942
2.4777
2.4613
2.445
2.4288
2.4126
2.3966
2.3806
2.3647
2.3489
2.3332
2.3176
2.302
2.2866
2.2712
2.2559
2.2407
2.2256
2.2106
2.1956
2.1807
2.166
2.1513
2.1367
2.1221
2.1077
2.0933
2.0791
2.0649
2.0508
2.0367
2.0228
2.0089
1.9951
1.9814
1.9678
1.9543
1.9408
1.9274
1.9141
1.9009
1.8878
1.8747
1.8617
1.8488
1.836
1.8233
1.8106
1.798
1.7855
1.7731
1.7607
1.7484
1.7362
1.7241
1.712
1.7
1.6881
1.6763
1.6645
1.6529
1.6412
1.6297
1.6182
1.6069
1.5955
1.5843
1.5731
1.562
1.551
1.54
1.5291
1.5183
1.5076
1.4969
1.4863
1.4757
1.4652
1.4548
1.4445
1.4342
1.424
1.4139
1.4038
1.3938
1.3839
1.374
1.3642
1.3545
1.3448
1.3352
1.3256
1.3161
1.3067
1.2974
1.2881
1.2788
1.2697
1.2606
1.2515
1.2425
1.2336
1.2247
1.2159
1.2072
1.1985
1.1899
1.1813
1.1728
1.1644
1.156
1.1476
1.1394
1.1311
1.123
1.1149
1.1068
1.0988
1.0909
1.083
1.0752
1.0674
1.0597
1.052
1.0444
1.0368
1.0293
1.0219
1.0145
1.0071
0.99983
0.99258
0.98539
0.97824
0.97115
0.96411
0.95711
0.95017
0.94327
0.93643
0.92963
0.92288
0.91618
0.90953
0.90293
0.89637
0.88986
0.8834
0.87698
0.87061
0.86428
0.858
0.85177
0.84558
0.83944
0.83334
0.82728
0.82127
0.8153
0.80938
0.8035
0.79766
0.79186
0.78611
0.7804
0.77473
0.7691
0.76351
0.75797
0.75246
0.747
0.74157
0.73619
0.73084
0.72554
0.72027
0.71504
0.70986
0.7047
0.69959
0.69452
0.68948
0.68448
0.67952
0.67459
0.66971
0.66485
0.66004
0.65526
0.65051
0.64581
0.64113
0.63649
0.63189
0.62732
0.62279
0.61828
0.61382
0.60938
0.60498
0.60062
0.59628
0.59198
0.58771
0.58348
0.57927
0.5751
0.57096
0.56685
0.56277
0.55873
0.55471
0.55072
0.54677
0.54284
0.53895
0.53508
0.53124
0.52744
0.52366
0.51991
0.51619
0.5125
0.50883
0.5052
0.50159
0.49801
0.49446
0.49093
0.48744
0.48397
0.48052
0.4771
0.47371
0.47035
0.46701
0.4637
0.46041
0.45715
0.45391
0.4507
0.44751
0.44435
0.44121
0.4381
0.43501
0.43195
0.4289
0.42589
0.42289
0.41992
0.41698
0.41405
0.41115
0.40827
0.40541
0.40258
0.39977
0.39698
0.39421
0.39147
0.38874
0.38604
0.38336
0.3807
0.37806
0.37544
0.37284
0.37026
0.3677
0.36517
0.36265
0.36015
0.35767
0.35522
0.35278
0.35036
0.34796
0.34558
0.34321
0.34087
0.33855
0.33624
0.33395
0.33168
0.32943
0.32719
0.32498
0.32278
0.3206
0.31844
0.31629
0.31416
0.31205
0.30995
0.30787
0.30581
0.30377
0.30174
0.29972
0.29773
0.29575
0.29378
0.29183
0.2899
0.28798
0.28608
0.28419
0.28232
0.28046
0.27862
0.27679
0.27498
0.27318
0.2714
0.26963
0.26787
0.26613
0.26441
0.26269
0.26099
0.25931
0.25764
0.25598
0.25434
0.2527
0.25109
0.24948
0.24789
0.24631
0.24474
0.24319
0.24165
0.24012
0.23861
0.2371
0.23561
0.23413
0.23267
0.23121
0.22977
0.22834
0.22692
0.22551
0.22411
0.22273
0.22135
0.21999
0.21864
0.2173
0.21597
0.21465
0.21334
0.21204
0.21076
0.20948
0.20822
0.20696
0.20572
0.20448
0.20326
0.20204
0.20084
0.19964
0.19846
0.19728
0.19612
0.19496
0.19382
0.19268
0.19155
0.19044
0.18933
0.18823
0.18714
0.18606
0.18498
0.18392
0.18286
0.18182
0.18078
0.17975
0.17873
0.17772
0.17672
0.17572
0.17473
0.17375
0.17278
0.17182
0.17087
0.16992
0.16898
0.16805
0.16713
0.16621
0.1653
0.1644
0.16351
0.16262
0.16174
0.16087
0.16001
0.15915
0.1583
0.15746
0.15663
0.1558
0.15498
0.15416
0.15336
0.15255
0.15176
0.15097
0.15019
0.14942
0.14865
0.14789
0.14713
0.14638
0.14564
0.1449
0.14417
0.14345
0.14273
0.14202
0.14132
0.14062
0.13992
0.13923
0.13855
0.13787
0.1372
0.13654
0.13588
0.13522
0.13457
0.13393
0.13329
0.13266
0.13203
0.13141
0.13079
0.13018
0.12958
0.12898
0.12838
0.12779
0.1272
0.12662
0.12604
0.12547
0.12491
0.12435
0.12379
0.12324
0.12269
0.12215
0.12161
0.12107
0.12054
0.12002
0.1195
0.11898
0.11847
0.11796
0.11746
0.11696
0.11647
0.11598
0.11549
0.11501
0.11453
0.11406
0.11359
0.11312
0.11266
0.1122
0.11175
0.1113
0.11085
0.11041
0.10997
0.10954
0.10911
0.10868
0.10825
0.10783
0.10742
0.107
0.1066
0.10619
0.10579
0.10539
0.10499
0.1046
0.10421
0.10382
0.06
