0.06
0.24839
0.43302
0.61397
0.79128
0.965
1.1352
1.3019
1.4652
1.6251
1.7817
1.935
2.0852
2.2321
2.3759
2.5166
2.6543
2.789
2.9208
3.0497
3.1758
3.299
3.4195
3.5372
3.6523
3.7648
3.8746
3.9819
4.0867
4.189
4.2889
4.3864
4.4815
4.5743
4.6648
4.7531
4.8391
4.923
5.0047
5.0844
5.1619
5.2374
5.311
5.3825
5.4521
5.5197
5.5855
5.6495
5.7116
5.7719
5.8305
5.8874
5.9425
5.996
6.0478
6.098
6.1466
6.1937
6.2392
6.2832
6.3257
6.3667
6.4063
6.4445
6.4813
6.5168
6.5509
6.5836
6.6151
6.6453
6.6743
6.702
6.7286
6.7539
6.7781
6.8011
6.823
6.8439
6.8636
6.8822
6.8999
6.9164
6.932
6.9466
6.9602
6.9729
6.9846
6.9955
7.0054
7.0144
7.0226
7.0299
7.0364
7.042
7.0469
7.051
7.0542
7.0568
7.0586
7.0596
7.06
7.0597
7.0586
7.0569
7.0545
7.0515
7.0542
7.0568
7.0586
7.0596
7.06
7.0597
7.0586
7.0569
7.0545
7.0515
7.0542
7.0568
7.0586
7.0596
7.06
7.0597
7.0586
7.0569
7.0545
7.0515
7.0542
7.0568
7.0586
7.0596
7.06
7.0597
7.0586
7.0569
7.0545
7.0515
7.0542
7.0568
7.0586
7.0596
7.06
7.0597
7.0586
7.0569
7.0545
7.0515
7.0542
7.0568
7.0586
7.0596
7.06
7.0597
7.0586
7.0569
7.0545
7.0515
7.0542
7.0568
7.0586
7.0596
7.06
7.0597
7.0586
7.0569
7.0545
7.0515
7.0542
7.0568
7.0586
7.0596
7.06
7.0597
7.0586
7.0569
7.0545
7.0515
7.0542
7.0568
7.0586
7.0596
7.06
7.0597
7.0586
7.0569
7.0545
7.0515
7.0542
7.0568
7.0586
7.0596
7.06
7.0597
7.0586
7.0569
7.0545
7.0515
7.0542
7.0568
7.0586
7.0596
7.06
7.0597
7.0586
7.0569
7.0545
7.0515
7.0542
7.0568
7.0586
7.0596
7.06
7.0597
7.0586
7.0569
7.0545
7.0515
7.0542
7.0568
7.0586
7.0596
7.06
7.0597
7.0586
7.0569
7.0545
7.0515
7.0542
7.0568
7.0586
7.0596
7.06
7.0597
7.0586
7.0569
7.0545
7.0515
7.0542
7.0568
7.0586
7.0596
7.06
7.0597
7.0586
7.0569
7.0545
7.0515
7.0542
7.0568
7.0586
7.0596
7.06
7.0597
7.0586
7.0569
7.0545
7.0515
7.0542
7.0568
7.0586
7.0596
7.06
7.0597
7.0586
7.0569
7.0545
7.0515
7.0542
7.0568
7.0586
7.0596
7.06
7.0597
7.0586
7.0569
7.0545
7.0515
7.0542
7.0568
7.0586
7.0596
7.06
7.0597
7.0586
7.0569
7.0545
7.0515
7.0542
7.0568
7.0586
7.0596
7.06
7.0597
7.0586
7.0569
7.0545
7.0515
7.0479
7.0436
7.0388
7.0333
7.0272
7.0206
7.0135
7.0057
6.9975
6.9887
6.9794
6.9696
6.9593
6.9486
6.9373
6.9256
6.9135
6.9009
6.8879
6.8745
6.8607
6.8464
6.8318
6.8168
6.8014
6.7857
6.7696
6.7532
6.7364
6.7193
6.7019
6.6841
6.6661
6.6478
6.6291
6.6102
6.591
6.5716
6.5519
6.5319
6.5117
6.4913
6.4706
6.4497
6.4286
6.4072
6.3857
6.364
6.342
6.3199
6.2976
6.2751
6.2525
6.2297
6.2067
6.1836
6.1603
6.1369
6.1133
6.0896
6.0658
6.0419
6.0178
5.9936
5.9694
5.945
5.9205
5.8959
5.8712
5.8465
5.8217
5.7967
5.7717
5.7467
5.7215
5.6964
5.6711
5.6458
5.6204
5.595
5.5696
5.5441
5.5185
5.493
5.4674
5.4417
5.4161
5.3904
5.3647
5.339
5.3133
5.2876
5.2618
5.2361
5.2103
5.1846
5.1588
5.1331
5.1073
5.0816
5.0559
5.0302
5.0045
4.9788
4.9532
4.9276
4.902
4.8764
4.8509
4.8254
4.7999
4.7745
4.7491
4.7237
4.6984
4.6731
4.6479
4.6227
4.5975
4.5725
4.5474
4.5224
4.4975
4.4726
4.4478
4.423
4.3983
4.3736
4.349
4.3245
4.3
4.2756
4.2513
4.227
4.2028
4.1787
4.1546
4.1306
4.1067
4.0829
4.0591
4.0354
4.0118
3.9882
3.9648
3.9414
3.9181
3.8948
3.8717
3.8486
3.8256
3.8027
3.7799
3.7572
3.7345
3.7119
3.6895
3.6671
3.6448
3.6225
3.6004
3.5783
3.5564
3.5345
3.5127
3.491
3.4694
3.4479
3.4265
3.4051
3.3839
3.3628
3.3417
3.3207
3.2999
3.2791
3.2584
3.2378
3.2173
3.1969
3.1766
3.1563
3.1362
3.1162
3.0962
3.0764
3.0566
3.037
3.0174
2.998
2.9786
2.9593
2.9401
2.921
2.902
2.8831
2.8643
2.8456
2.827
2.8085
2.7901
2.7717
2.7535
2.7354
2.7173
2.6994
2.6815
2.6637
2.6461
2.6285
2.611
2.5936
2.5763
2.5591
2.542
2.525
2.508
2.4912
2.4745
2.4578
2.4413
2.4248
2.4084
2.3922
2.376
2.3599
2.3439
2.328
2.3121
2.2964
2.2808
2.2652
2.2497
2.2344
2.2191
2.2039
2.1888
2.1738
2.1588
2.144
2.1292
2.1146
2.1
2.0855
2.0711
2.0568
2.0425
2.0284
2.0143
2.0003
1.9864
1.9726
1.9589
1.9453
1.9317
1.9182
1.9048
1.8915
1.8783
1.8651
1.8521
1.8391
1.8262
1.8134
1.8006
1.788
1.7754
1.7629
1.7505
1.7381
1.7258
1.7137
1.7015
1.6895
1.6775
1.6657
1.6539
1.6421
1.6305
1.6189
1.6074
1.596
1.5846
1.5733
1.5621
1.551
1.5399
1.529
1.518
1.5072
1.4964
1.4857
1.4751
1.4645
1.454
1.4436
1.4333
1.423
1.4128
1.4026
1.3925
1.3825
1.3726
1.3627
1.3529
1.3432
1.3335
1.3239
1.3143
1.3049
1.2954
1.2861
1.2768
1.2676
1.2584
1.2493
1.2403
1.2313
1.2224
1.2135
1.2047
1.196
1.1873
1.1787
1.1702
1.1617
1.1533
1.1449
1.1366
1.1283
1.1201
1.112
1.1039
1.0959
1.0879
1.08
1.0721
1.0643
1.0566
1.0489
1.0412
1.0337
1.0261
1.0186
1.0112
1.0038
0.99653
0.98926
0.98204
0.97488
0.96777
0.96071
0.95369
0.94673
0.93982
0.93296
0.92615
0.91939
0.91268
0.90601
0.89939
0.89283
0.8863
0.87983
0.8734
0.86702
0.86069
0.8544
0.84816
0.84197
0.83581
0.82971
0.82365
0.81763
0.81166
0.80573
0.79984
0.794
0.7882
0.78245
0.77673
0.77106
0.76543
0.75984
0.7543
0.74879
0.74333
0.7379
0.73252
0.72718
0.72187
0.71661
0.71138
0.7062
0.70105
0.69594
0.69087
0.68583
0.68084
0.67588
0.67096
0.66608
0.66123
0.65642
0.65164
0.64691
0.6422
0.63754
0.6329
0.62831
0.62374
0.61922
0.61472
0.61026
0.60584
0.60145
0.59709
0.59276
0.58847
0.58421
0.57998
0.57579
0.57162
0.56749
0.56339
0.55933
0.55529
0.55128
0.54731
0.54336
0.53945
0.53556
0.53171
0.52788
0.52408
0.52032
0.51658
0.51287
0.50919
0.50554
0.50191
0.49832
0.49475
0.49121
0.4877
0.48421
0.48075
0.47732
0.47391
0.47054
0.46718
0.46386
0.46056
0.45728
0.45403
0.45081
0.44761
0.44444
0.44129
0.43816
0.43506
0.43199
0.42893
0.42591
0.4229
0.41992
0.41696
0.41403
0.41112
0.40823
0.40537
0.40252
0.3997
0.3969
0.39413
0.39137
0.38864
0.38593
0.38324
0.38057
0.37792
0.3753
0.37269
0.37011
0.36754
0.365
0.36248
0.35997
0.35749
0.35502
0.35258
0.35015
0.34775
0.34536
0.34299
0.34064
0.33831
0.336
0.33371
0.33144
0.32918
0.32694
0.32472
0.32252
0.32033
0.31816
0.31601
0.31388
0.31176
0.30966
0.30758
0.30552
0.30347
0.30144
0.29942
0.29742
0.29544
0.29347
0.29152
0.28958
0.28766
0.28575
0.28386
0.28199
0.28013
0.27828
0.27646
0.27464
0.27284
0.27106
0.26928
0.26753
0.26579
0.26406
0.26234
0.26064
0.25896
0.25728
0.25562
0.25398
0.25235
0.25073
0.24912
0.24753
0.24595
0.24438
0.24283
0.24129
0.23976
0.23824
0.23674
0.23524
0.23376
0.2323
0.23084
0.2294
0.22797
0.22655
0.22514
0.22374
0.22235
0.22098
0.21962
0.21827
0.21693
0.2156
0.21428
0.21297
0.21167
0.21039
0.20911
0.20785
0.20659
0.20535
0.20411
0.20289
0.20167
0.20047
0.19928
0.19809
0.19692
0.19575
0.1946
0.19345
0.19232
0.19119
0.19007
0.18896
0.18786
0.18677
0.18569
0.18462
0.18356
0.1825
0.18146
0.18042
0.17939
0.17837
0.17736
0.17636
0.17537
0.17438
0.1734
0.17243
0.17147
0.17052
0.16957
0.16863
0.1677
0.16678
0.16587
0.16496
0.16406
0.16317
0.16228
0.16141
0.16054
0.15967
0.15882
0.15797
0.15713
0.1563
0.15547
0.15465
0.15384
0.15303
0.15223
0.15144
0.15065
0.14987
0.1491
0.14833
0.14757
0.14682
0.14607
0.14533
0.14459
0.14386
0.14314
0.14242
0.14171
0.14101
0.14031
0.13962
0.13893
0.13825
0.13757
0.1369
0.13624
0.13558
0.13493
0.13428
0.13364
0.133
0.13237
0.13175
0.13113
0.13051
0.1299
0.12929
0.1287
0.1281
0.12751
0.12693
0.12635
0.12577
0.1252
0.12464
0.12408
0.12352
0.12297
0.12242
0.12188
0.12134
0.12081
0.12028
0.11976
0.11924
0.11873
0.11822
0.11771
0.11721
0.11671
0.11622
0.11573
0.11525
0.11477
0.11429
0.11382
0.11335
0.11288
0.11242
0.11197
0.11151
0.11107
0.11062
0.11018
0.10974
0.10931
0.10888
0.10845
0.10803
0.10761
0.1072
0.06
