0.06
0.19456
0.32645
0.45569
0.58234
0.70643
0.82799
0.94708
1.0637
1.1779
1.2898
1.3993
1.5065
1.6115
1.7142
1.8147
1.9131
2.0093
2.1034
2.1955
2.2855
2.3736
2.4596
2.5437
2.6259
2.7063
2.7847
2.8614
2.9362
3.0093
3.0806
3.1503
3.2182
3.2845
3.3491
3.4122
3.4737
3.5336
3.592
3.6488
3.7042
3.7582
3.8107
3.8618
3.9115
3.9598
4.0068
4.0525
4.0969
4.14
4.1818
4.2224
4.2618
4.3
4.337
4.3729
4.4076
4.4412
4.4737
4.5051
4.5355
4.5648
4.5931
4.6204
4.6467
4.672
4.6963
4.7197
4.7422
4.7638
4.7845
4.8043
4.8233
4.8414
4.8586
4.8751
4.8907
4.9056
4.9197
4.933
4.9456
4.9575
4.9686
4.979
4.9887
4.9978
5.0062
5.0139
5.021
5.0274
5.0333
5.0385
5.0431
5.0472
5.0506
5.0535
5.0559
5.0577
5.059
5.0597
5.06
5.0598
5.059
5.0578
5.0561
5.054
5.0559
5.0577
5.059
5.0597
5.06
5.0598
5.059
5.0578
5.0561
5.054
5.0559
5.0577
5.059
5.0597
5.06
5.0598
5.059
5.0578
5.0561
5.054
5.0559
5.0577
5.059
5.0597
5.06
5.0598
5.059
5.0578
5.0561
5.054
5.0559
5.0577
5.059
5.0597
5.06
5.0598
5.059
5.0578
5.0561
5.054
5.0559
5.0577
5.059
5.0597
5.06
5.0598
5.059
5.0578
5.0561
5.054
5.0559
5.0577
5.059
5.0597
5.06
5.0598
5.059
5.0578
5.0561
5.054
5.0559
5.0577
5.059
5.0597
5.06
5.0598
5.059
5.0578
5.0561
5.054
5.0559
5.0577
5.059
5.0597
5.06
5.0598
5.059
5.0578
5.0561
5.054
5.0559
5.0577
5.059
5.0597
5.06
5.0598
5.059
5.0578
5.0561
5.054
5.0559
5.0577
5.059
5.0597
5.06
5.0598
5.059
5.0578
5.0561
5.054
5.0559
5.0577
5.059
5.0597
5.06
5.0598
5.059
5.0578
5.0561
5.054
5.0559
5.0577
5.059
5.0597
5.06
5.0598
5.059
5.0578
5.0561
5.054
5.0559
5.0577
5.059
5.0597
5.06
5.0598
5.059
5.0578
5.0561
5.054
5.0559
5.0577
5.059
5.0597
5.06
5.0598
5.059
5.0578
5.0561
5.054
5.0559
5.0577
5.059
5.0597
5.06
5.0598
5.059
5.0578
5.0561
5.054
5.0559
5.0577
5.059
5.0597
5.06
5.0598
5.059
5.0578
5.0561
5.054
5.0559
5.0577
5.059
5.0597
5.06
5.0598
5.059
5.0578
5.0561
5.054
5.0559
5.0577
5.059
5.0597
5.06
5.0598
5.059
5.0578
5.0561
5.054
5.0559
5.0577
5.059
5.0597
5.06
5.0598
5.059
5.0578
5.0561
5.054
5.0514
5.0483
5.0448
5.0409
5.0366
5.0319
5.0268
5.0212
5.0153
5.0091
5.0024
4.9954
4.9881
4.9804
4.9724
4.964
4.9554
4.9464
4.9371
4.9275
4.9176
4.9075
4.897
4.8863
4.8753
4.8641
4.8526
4.8408
4.8289
4.8166
4.8042
4.7915
4.7786
4.7655
4.7522
4.7387
4.725
4.7111
4.6971
4.6828
4.6684
4.6538
4.639
4.6241
4.609
4.5937
4.5784
4.5628
4.5472
4.5314
4.5154
4.4994
4.4832
4.4669
4.4505
4.434
4.4173
4.4006
4.3838
4.3669
4.3499
4.3328
4.3156
4.2983
4.281
4.2636
4.2461
4.2285
4.2109
4.1932
4.1755
4.1577
4.1398
4.1219
4.104
4.086
4.0679
4.0499
4.0317
4.0136
3.9954
3.9772
3.959
3.9407
3.9224
3.9041
3.8858
3.8674
3.8491
3.8307
3.8124
3.794
3.7756
3.7572
3.7388
3.7204
3.702
3.6836
3.6652
3.6469
3.6285
3.6101
3.5918
3.5735
3.5551
3.5368
3.5186
3.5003
3.4821
3.4638
3.4457
3.4275
3.4093
3.3912
3.3731
3.3551
3.3371
3.3191
3.3011
3.2832
3.2653
3.2474
3.2296
3.2119
3.1941
3.1764
3.1588
3.1412
3.1236
3.1061
3.0886
3.0712
3.0538
3.0364
3.0192
3.0019
2.9847
2.9676
2.9505
2.9335
2.9165
2.8996
2.8827
2.8659
2.8491
2.8324
2.8158
2.7992
2.7826
2.7662
2.7497
2.7334
2.7171
2.7008
2.6847
2.6685
2.6525
2.6365
2.6205
2.6047
2.5888
2.5731
2.5574
2.5418
2.5262
2.5107
2.4953
2.4799
2.4646
2.4494
2.4342
2.4191
2.4041
2.3891
2.3742
2.3593
2.3446
2.3299
2.3152
2.3006
2.2861
2.2717
2.2573
2.243
2.2287
2.2146
2.2005
2.1864
2.1724
2.1585
2.1447
2.1309
2.1172
2.1036
2.09
2.0765
2.0631
2.0497
2.0364
2.0232
2.01
1.997
1.9839
1.971
1.9581
1.9453
1.9325
1.9198
1.9072
1.8946
1.8821
1.8697
1.8574
1.8451
1.8329
1.8207
1.8086
1.7966
1.7846
1.7727
1.7609
1.7492
1.7375
1.7258
1.7143
1.7028
1.6913
1.68
1.6687
1.6574
1.6463
1.6352
1.6241
1.6131
1.6022
1.5914
1.5806
1.5698
1.5592
1.5486
1.538
1.5275
1.5171
1.5068
1.4965
1.4863
1.4761
1.466
1.4559
1.4459
1.436
1.4262
1.4164
1.4066
1.3969
1.3873
1.3777
1.3682
1.3588
1.3494
1.3401
1.3308
1.3216
1.3124
1.3033
1.2943
1.2853
1.2763
1.2675
1.2586
1.2499
1.2412
1.2325
1.2239
1.2154
1.2069
1.1985
1.1901
1.1818
1.1735
1.1653
1.1571
1.149
1.141
1.133
1.125
1.1171
1.1093
1.1015
1.0937
1.086
1.0784
1.0708
1.0632
1.0557
1.0483
1.0409
1.0336
1.0263
1.019
1.0118
1.0047
0.99757
0.99051
0.98351
0.97655
0.96964
0.96277
0.95595
0.94918
0.94246
0.93578
0.92914
0.92255
0.91601
0.90951
0.90305
0.89664
0.89027
0.88395
0.87767
0.87144
0.86524
0.8591
0.85299
0.84692
0.8409
0.83492
0.82898
0.82308
0.81723
0.81141
0.80564
0.79991
0.79421
0.78856
0.78294
0.77737
0.77184
0.76634
0.76088
0.75547
0.75009
0.74474
0.73944
0.73418
0.72895
0.72376
0.7186
0.71349
0.70841
0.70336
0.69835
0.69338
0.68845
0.68355
0.67868
0.67385
0.66905
0.66429
0.65957
0.65488
0.65022
0.64559
0.641
0.63645
0.63192
0.62743
0.62297
0.61855
0.61415
0.60979
0.60546
0.60116
0.5969
0.59266
0.58846
0.58429
0.58015
0.57603
0.57195
0.5679
0.56388
0.55989
0.55593
0.55199
0.54809
0.54422
0.54037
0.53655
0.53277
0.529
0.52527
0.52157
0.51789
0.51424
0.51062
0.50702
0.50346
0.49991
0.4964
0.49291
0.48945
0.48601
0.4826
0.47922
0.47586
0.47253
0.46922
0.46593
0.46267
0.45944
0.45623
0.45305
0.44988
0.44675
0.44363
0.44055
0.43748
0.43444
0.43142
0.42842
0.42545
0.4225
0.41957
0.41666
0.41378
0.41092
0.40808
0.40526
0.40246
0.39969
0.39693
0.3942
0.39149
0.3888
0.38613
0.38348
0.38085
0.37824
0.37565
0.37308
0.37054
0.36801
0.3655
0.36301
0.36054
0.35809
0.35565
0.35324
0.35085
0.34847
0.34611
0.34377
0.34145
0.33915
0.33686
0.3346
0.33235
0.33012
0.3279
0.3257
0.32352
0.32136
0.31922
0.31709
0.31497
0.31288
0.3108
0.30874
0.30669
0.30466
0.30264
0.30065
0.29866
0.2967
0.29474
0.29281
0.29089
0.28898
0.28709
0.28521
0.28335
0.28151
0.27967
0.27786
0.27605
0.27427
0.27249
0.27073
0.26899
0.26725
0.26553
0.26383
0.26214
0.26046
0.2588
0.25715
0.25551
0.25388
0.25227
0.25067
0.24909
0.24751
0.24595
0.2444
0.24287
0.24134
0.23983
0.23833
0.23684
0.23537
0.23391
0.23245
0.23101
0.22958
0.22817
0.22676
0.22537
0.22398
0.22261
0.22125
0.2199
0.21856
0.21724
0.21592
0.21461
0.21331
0.21203
0.21075
0.20949
0.20823
0.20699
0.20576
0.20453
0.20332
0.20211
0.20092
0.19973
0.19856
0.19739
0.19623
0.19509
0.19395
0.19282
0.1917
0.19059
0.18949
0.1884
0.18731
0.18624
0.18517
0.18412
0.18307
0.18203
0.181
0.17998
0.17896
0.17796
0.17696
0.17597
0.17499
0.17401
0.17305
0.17209
0.17114
0.1702
0.16926
0.16834
0.16742
0.16651
0.1656
0.16471
0.16382
0.16294
0.16206
0.1612
0.16034
0.15948
0.15864
0.1578
0.15697
0.15614
0.15532
0.15451
0.15371
0.15291
0.15212
0.15133
0.15055
0.14978
0.14902
0.14826
0.1475
0.14676
0.14602
0.14528
0.14455
0.14383
0.14311
0.1424
0.1417
0.141
0.14031
0.13962
0.13894
0.13827
0.1376
0.13693
0.13627
0.13562
0.13497
0.13433
0.13369
0.13306
0.13243
0.13181
0.1312
0.13058
0.12998
0.12938
0.12878
0.12819
0.12761
0.12703
0.12645
0.12588
0.12531
0.12475
0.12419
0.12364
0.12309
0.12255
0.12201
0.12148
0.12095
0.12042
0.1199
0.11939
0.11887
0.11837
0.11786
0.11736
0.11687
0.11638
0.11589
0.11541
0.11493
0.11446
0.11399
0.11352
0.11306
0.1126
0.11214
0.11169
0.11125
0.1108
0.11036
0.10993
0.1095
0.10907
0.10864
0.10822
0.1078
0.10739
0.10698
0.10657
0.10617
0.10577
0.10537
0.10498
0.10459
0.1042
0.10382
0.10344
0.10306
0.10269
0.10232
0.10195
0.10158
0.10122
0.10086
0.10051
0.10016
0.099808
0.099461
0.099118
0.098778
0.09844
0.098106
0.097774
0.097445
0.097119
0.096796
0.096475
0.096157
0.095842
0.09553
0.09522
0.094913
0.094609
0.094307
0.094008
0.093711
0.06
