0.06
0.22147
0.37973
0.53483
0.68681
0.83571
0.98159
1.1245
1.2645
1.4015
1.5358
1.6672
1.7958
1.9218
2.0451
2.1657
2.2837
2.3992
2.5121
2.6226
2.7306
2.8363
2.9395
3.0405
3.1391
3.2355
3.3297
3.4216
3.5114
3.5991
3.6848
3.7683
3.8498
3.9294
4.007
4.0826
4.1564
4.2283
4.2984
4.3666
4.4331
4.4978
4.5608
4.6221
4.6818
4.7398
4.7962
4.851
4.9042
4.956
5.0062
5.0549
5.1022
5.148
5.1924
5.2354
5.2771
5.3174
5.3564
5.3941
5.4306
5.4657
5.4997
5.5324
5.564
5.5944
5.6236
5.6517
5.6787
5.7046
5.7294
5.7532
5.7759
5.7976
5.8184
5.8381
5.8569
5.8747
5.8916
5.9076
5.9227
5.937
5.9503
5.9628
5.9745
5.9854
5.9954
6.0047
6.0132
6.0209
6.0279
6.0342
6.0397
6.0446
6.0488
6.0522
6.0551
6.0572
6.0588
6.0597
6.06
6.0597
6.0588
6.0574
6.0553
6.0527
6.0551
6.0572
6.0588
6.0597
6.06
6.0597
6.0588
6.0574
6.0553
6.0527
6.0551
6.0572
6.0588
6.0597
6.06
6.0597
6.0588
6.0574
6.0553
6.0527
6.0551
6.0572
6.0588
6.0597
6.06
6.0597
6.0588
6.0574
6.0553
6.0527
6.0551
6.0572
6.0588
6.0597
6.06
6.0597
6.0588
6.0574
6.0553
6.0527
6.0551
6.0572
6.0588
6.0597
6.06
6.0597
6.0588
6.0574
6.0553
6.0527
6.0551
6.0572
6.0588
6.0597
6.06
6.0597
6.0588
6.0574
6.0553
6.0527
6.0551
6.0572
6.0588
6.0597
6.06
6.0597
6.0588
6.0574
6.0553
6.0527
6.0551
6.0572
6.0588
6.0597
6.06
6.0597
6.0588
6.0574
6.0553
6.0527
6.0551
6.0572
6.0588
6.0597
6.06
6.0597
6.0588
6.0574
6.0553
6.0527
6.0551
6.0572
6.0588
6.0597
6.06
6.0597
6.0588
6.0574
6.0553
6.0527
6.0551
6.0572
6.0588
6.0597
6.06
6.0597
6.0588
6.0574
6.0553
6.0527
6.0551
6.0572
6.0588
6.0597
6.06
6.0597
6.0588
6.0574
6.0553
6.0527
6.0551
6.0572
6.0588
6.0597
6.06
6.0597
6.0588
6.0574
6.0553
6.0527
6.0551
6.0572
6.0588
6.0597
6.06
6.0597
6.0588
6.0574
6.0553
6.0527
6.0551
6.0572
6.0588
6.0597
6.06
6.0597
6.0588
6.0574
6.0553
6.0527
6.0551
6.0572
6.0588
6.0597
6.06
6.0597
6.0588
6.0574
6.0553
6.0527
6.0551
6.0572
6.0588
6.0597
6.06
6.0597
6.0588
6.0574
6.0553
6.0527
6.0551
6.0572
6.0588
6.0597
6.06
6.0597
6.0588
6.0574
6.0553
6.0527
6.0551
6.0572
6.0588
6.0597
6.06
6.0597
6.0588
6.0574
6.0553
6.0527
6.0496
6.046
6.0418
6.0371
6.0319
6.0263
6.0201
6.0135
6.0064
5.9989
5.9909
5.9825
5.9737
5.9645
5.9549
5.9448
5.9344
5.9237
5.9125
5.901
5.8891
5.877
5.8644
5.8516
5.8384
5.8249
5.8111
5.797
5.7826
5.768
5.753
5.7378
5.7224
5.7067
5.6907
5.6745
5.658
5.6414
5.6245
5.6074
5.59
5.5725
5.5548
5.5369
5.5188
5.5005
5.482
5.4634
5.4446
5.4256
5.4065
5.3872
5.3678
5.3483
5.3286
5.3088
5.2888
5.2687
5.2486
5.2283
5.2078
5.1873
5.1667
5.146
5.1252
5.1043
5.0833
5.0622
5.0411
5.0198
4.9986
4.9772
4.9558
4.9343
4.9128
4.8912
4.8695
4.8478
4.8261
4.8043
4.7825
4.7606
4.7388
4.7168
4.6949
4.6729
4.6509
4.6289
4.6069
4.5849
4.5628
4.5408
4.5187
4.4966
4.4746
4.4525
4.4304
4.4083
4.3863
4.3642
4.3422
4.3202
4.2982
4.2762
4.2542
4.2322
4.2103
4.1884
4.1665
4.1446
4.1228
4.101
4.0792
4.0575
4.0358
4.0141
3.9925
3.9709
3.9493
3.9278
3.9063
3.8849
3.8636
3.8422
3.8209
3.7997
3.7785
3.7574
3.7363
3.7153
3.6943
3.6734
3.6525
3.6317
3.611
3.5903
3.5697
3.5491
3.5286
3.5082
3.4878
3.4675
3.4472
3.4271
3.407
3.3869
3.3669
3.347
3.3272
3.3074
3.2877
3.2681
3.2485
3.229
3.2096
3.1902
3.171
3.1518
3.1326
3.1136
3.0946
3.0757
3.0569
3.0381
3.0195
3.0009
2.9824
2.9639
2.9456
2.9273
2.9091
2.8909
2.8729
2.8549
2.837
2.8192
2.8015
2.7838
2.7662
2.7488
2.7313
2.714
2.6968
2.6796
2.6625
2.6455
2.6286
2.6117
2.5949
2.5783
2.5616
2.5451
2.5287
2.5123
2.496
2.4798
2.4637
2.4477
2.4317
2.4158
2.4001
2.3843
2.3687
2.3532
2.3377
2.3223
2.307
2.2918
2.2766
2.2616
2.2466
2.2317
2.2168
2.2021
2.1874
2.1728
2.1583
2.1439
2.1296
2.1153
2.1011
2.087
2.073
2.059
2.0451
2.0313
2.0176
2.004
1.9904
1.9769
1.9635
1.9502
1.9369
1.9237
1.9106
1.8976
1.8847
1.8718
1.859
1.8463
1.8336
1.8211
1.8086
1.7961
1.7838
1.7715
1.7593
1.7472
1.7351
1.7231
1.7112
1.6994
1.6876
1.6759
1.6643
1.6528
1.6413
1.6299
1.6185
1.6073
1.5961
1.5849
1.5739
1.5629
1.552
1.5411
1.5303
1.5196
1.509
1.4984
1.4879
1.4774
1.467
1.4567
1.4465
1.4363
1.4262
1.4161
1.4061
1.3962
1.3863
1.3765
1.3668
1.3571
1.3475
1.338
1.3285
1.3191
1.3097
1.3005
1.2912
1.282
1.2729
1.2639
1.2549
1.246
1.2371
1.2283
1.2195
1.2108
1.2022
1.1936
1.1851
1.1766
1.1682
1.1599
1.1516
1.1433
1.1351
1.127
1.1189
1.1109
1.103
1.0951
1.0872
1.0794
1.0717
1.064
1.0563
1.0487
1.0412
1.0337
1.0263
1.0189
1.0116
1.0043
0.99708
0.9899
0.98278
0.9757
0.96867
0.9617
0.95477
0.94789
0.94105
0.93427
0.92753
0.92084
0.9142
0.90761
0.90106
0.89456
0.8881
0.88169
0.87533
0.86901
0.86274
0.85651
0.85032
0.84418
0.83809
0.83203
0.82602
0.82006
0.81413
0.80825
0.80242
0.79662
0.79087
0.78515
0.77948
0.77385
0.76826
0.76271
0.7572
0.75173
0.74631
0.74092
0.73557
0.73026
0.72498
0.71975
0.71455
0.7094
0.70428
0.6992
0.69415
0.68914
0.68417
0.67924
0.67434
0.66948
0.66466
0.65987
0.65511
0.65039
0.64571
0.64106
0.63645
0.63186
0.62732
0.62281
0.61833
0.61388
0.60947
0.60509
0.60074
0.59643
0.59215
0.5879
0.58368
0.57949
0.57534
0.57122
0.56712
0.56306
0.55903
0.55503
0.55106
0.54712
0.54321
0.53933
0.53548
0.53166
0.52786
0.5241
0.52036
0.51665
0.51297
0.50932
0.5057
0.5021
0.49854
0.49499
0.49148
0.48799
0.48453
0.4811
0.47769
0.47431
0.47095
0.46762
0.46432
0.46104
0.45779
0.45456
0.45135
0.44817
0.44502
0.44189
0.43878
0.4357
0.43264
0.42961
0.4266
0.42361
0.42064
0.4177
0.41478
0.41189
0.40901
0.40616
0.40333
0.40053
0.39774
0.39498
0.39224
0.38952
0.38682
0.38414
0.38148
0.37884
0.37623
0.37363
0.37106
0.3685
0.36597
0.36345
0.36096
0.35848
0.35603
0.35359
0.35117
0.34877
0.3464
0.34403
0.34169
0.33937
0.33706
0.33478
0.33251
0.33026
0.32802
0.32581
0.32361
0.32143
0.31927
0.31712
0.31499
0.31288
0.31078
0.3087
0.30664
0.3046
0.30257
0.30055
0.29856
0.29657
0.29461
0.29266
0.29072
0.28881
0.2869
0.28501
0.28314
0.28128
0.27944
0.27761
0.2758
0.274
0.27221
0.27044
0.26869
0.26694
0.26522
0.2635
0.2618
0.26011
0.25844
0.25678
0.25514
0.2535
0.25188
0.25028
0.24868
0.2471
0.24553
0.24398
0.24243
0.2409
0.23939
0.23788
0.23639
0.23491
0.23344
0.23198
0.23053
0.2291
0.22768
0.22627
0.22487
0.22348
0.2221
0.22074
0.21938
0.21804
0.21671
0.21539
0.21408
0.21278
0.21149
0.21021
0.20894
0.20768
0.20644
0.2052
0.20397
0.20275
0.20155
0.20035
0.19916
0.19798
0.19682
0.19566
0.19451
0.19337
0.19224
0.19112
0.19001
0.1889
0.18781
0.18672
0.18565
0.18458
0.18352
0.18247
0.18143
0.1804
0.17938
0.17836
0.17736
0.17636
0.17537
0.17439
0.17341
0.17245
0.17149
0.17054
0.1696
0.16866
0.16774
0.16682
0.16591
0.165
0.16411
0.16322
0.16234
0.16146
0.1606
0.15974
0.15889
0.15804
0.1572
0.15637
0.15555
0.15473
0.15392
0.15311
0.15232
0.15153
0.15074
0.14996
0.14919
0.14843
0.14767
0.14692
0.14617
0.14543
0.1447
0.14397
0.14325
0.14254
0.14183
0.14113
0.14043
0.13974
0.13905
0.13837
0.1377
0.13703
0.13637
0.13571
0.13506
0.13441
0.13377
0.13314
0.13251
0.13188
0.13126
0.13065
0.13004
0.12944
0.12884
0.12824
0.12765
0.12707
0.12649
0.12592
0.12535
0.12478
0.12422
0.12367
0.12312
0.12257
0.12203
0.1215
0.12096
0.12044
0.11991
0.1194
0.11888
0.11837
0.11787
0.11737
0.11687
0.11638
0.11589
0.1154
0.11492
0.11445
0.11397
0.11351
0.11304
0.11258
0.11212
0.11167
0.11122
0.11078
0.11034
0.1099
0.10947
0.10904
0.10861
0.10819
0.10777
0.10735
0.10694
0.10653
0.10613
0.10573
0.10533
0.10493
0.10454
0.10415
0.10377
0.10339
0.10301
0.10264
0.10226
0.1019
0.10153
0.10117
0.10081
0.10045
0.06
