0.06
0.11382
0.16658
0.21828
0.26894
0.31857
0.3672
0.41483
0.46149
0.50718
0.55192
0.59573
0.63862
0.6806
0.72168
0.76189
0.80124
0.83973
0.87738
0.91421
0.95022
0.98543
1.0198
1.0535
1.0864
1.1185
1.1499
1.1805
1.2105
1.2397
1.2683
1.2961
1.3233
1.3498
1.3757
1.4009
1.4255
1.4494
1.4728
1.4955
1.5177
1.5393
1.5603
1.5807
1.6006
1.6199
1.6387
1.657
1.6747
1.692
1.7087
1.725
1.7407
1.756
1.7708
1.7851
1.799
1.8125
1.8255
1.838
1.8502
1.8619
1.8732
1.8841
1.8947
1.9048
1.9145
1.9239
1.9329
1.9415
1.9498
1.9577
1.9653
1.9725
1.9795
1.986
1.9923
1.9982
2.0039
2.0092
2.0142
2.019
2.0234
2.0276
2.0315
2.0351
2.0385
2.0416
2.0444
2.047
2.0493
2.0514
2.0532
2.0549
2.0563
2.0574
2.0584
2.0591
2.0596
2.0599
2.06
2.0599
2.0596
2.0591
2.0584
2.0576
2.0584
2.0591
2.0596
2.0599
2.06
2.0599
2.0596
2.0591
2.0584
2.0576
2.0584
2.0591
2.0596
2.0599
2.06
2.0599
2.0596
2.0591
2.0584
2.0576
2.0584
2.0591
2.0596
2.0599
2.06
2.0599
2.0596
2.0591
2.0584
2.0576
2.0584
2.0591
2.0596
2.0599
2.06
2.0599
2.0596
2.0591
2.0584
2.0576
2.0584
2.0591
2.0596
2.0599
2.06
2.0599
2.0596
2.0591
2.0584
2.0576
2.0584
2.0591
2.0596
2.0599
2.06
2.0599
2.0596
2.0591
2.0584
2.0576
2.0584
2.0591
2.0596
2.0599
2.06
2.0599
2.0596
2.0591
2.0584
2.0576
2.0584
2.0591
2.0596
2.0599
2.06
2.0599
2.0596
2.0591
2.0584
2.0576
2.0584
2.0591
2.0596
2.0599
2.06
2.0599
2.0596
2.0591
2.0584
2.0576
2.0584
2.0591
2.0596
2.0599
2.06
2.0599
2.0596
2.0591
2.0584
2.0576
2.0584
2.0591
2.0596
2.0599
2.06
2.0599
2.0596
2.0591
2.0584
2.0576
2.0584
2.0591
2.0596
2.0599
2.06
2.0599
2.0596
2.0591
2.0584
2.0576
2.0584
2.0591
2.0596
2.0599
2.06
2.0599
2.0596
2.0591
2.0584
2.0576
2.0584
2.0591
2.0596
2.0599
2.06
2.0599
2.0596
2.0591
2.0584
2.0576
2.0584
2.0591
2.0596
2.0599
2.06
2.0599
2.0596
2.0591
2.0584
2.0576
2.0584
2.0591
2.0596
2.0599
2.06
2.0599
2.0596
2.0591
2.0584
2.0576
2.0584
2.0591
2.0596
2.0599
2.06
2.0599
2.0596
2.0591
2.0584
2.0576
2.0584
2.0591
2.0596
2.0599
2.06
2.0599
2.0596
2.0591
2.0584
2.0576
2.0584
2.0591
2.0596
2.0599
2.06
2.0599
2.0596
2.0591
2.0584
2.0576
2.0565
2.0553
2.0539
2.0524
2.0506
2.0488
2.0467
2.0445
2.0421
2.0396
2.037
2.0342
2.0312
2.0282
2.025
2.0216
2.0181
2.0146
2.0108
2.007
2.003
1.999
1.9948
1.9905
1.9861
1.9816
1.977
1.9723
1.9675
1.9627
1.9577
1.9526
1.9475
1.9422
1.9369
1.9315
1.926
1.9205
1.9148
1.9091
1.9033
1.8975
1.8916
1.8856
1.8796
1.8735
1.8673
1.8611
1.8549
1.8485
1.8422
1.8357
1.8293
1.8228
1.8162
1.8096
1.8029
1.7962
1.7895
1.7828
1.7759
1.7691
1.7622
1.7553
1.7484
1.7414
1.7344
1.7274
1.7204
1.7133
1.7062
1.6991
1.6919
1.6848
1.6776
1.6704
1.6632
1.6559
1.6487
1.6414
1.6342
1.6269
1.6196
1.6123
1.605
1.5976
1.5903
1.583
1.5756
1.5683
1.5609
1.5536
1.5462
1.5389
1.5315
1.5242
1.5168
1.5094
1.5021
1.4947
1.4874
1.4801
1.4727
1.4654
1.4581
1.4507
1.4434
1.4361
1.4288
1.4215
1.4143
1.407
1.3997
1.3925
1.3853
1.378
1.3708
1.3636
1.3564
1.3493
1.3421
1.335
1.3279
1.3207
1.3136
1.3066
1.2995
1.2925
1.2854
1.2784
1.2714
1.2645
1.2575
1.2506
1.2437
1.2368
1.2299
1.223
1.2162
1.2094
1.2026
1.1958
1.1891
1.1824
1.1757
1.169
1.1623
1.1557
1.1491
1.1425
1.1359
1.1294
1.1228
1.1163
1.1099
1.1034
1.097
1.0906
1.0842
1.0779
1.0715
1.0652
1.059
1.0527
1.0465
1.0403
1.0341
1.028
1.0219
1.0158
1.0097
1.0036
0.99763
0.99164
0.98567
0.97974
0.97383
0.96794
0.96208
0.95625
0.95045
0.94467
0.93892
0.9332
0.9275
0.92183
0.91618
0.91057
0.90498
0.89942
0.89388
0.88837
0.88289
0.87744
0.87201
0.86661
0.86124
0.85589
0.85057
0.84528
0.84002
0.83478
0.82957
0.82439
0.81923
0.8141
0.809
0.80392
0.79887
0.79385
0.78885
0.78389
0.77894
0.77403
0.76914
0.76428
0.75944
0.75463
0.74985
0.74509
0.74037
0.73566
0.73098
0.72633
0.72171
0.71711
0.71254
0.70799
0.70347
0.69897
0.6945
0.69006
0.68564
0.68125
0.67688
0.67254
0.66822
0.66393
0.65967
0.65543
0.65121
0.64702
0.64285
0.63871
0.63459
0.6305
0.62644
0.62239
0.61837
0.61438
0.61041
0.60646
0.60254
0.59864
0.59477
0.59092
0.58709
0.58329
0.57951
0.57575
0.57202
0.56831
0.56462
0.56096
0.55732
0.5537
0.55011
0.54654
0.54299
0.53946
0.53595
0.53247
0.52901
0.52557
0.52216
0.51876
0.51539
0.51204
0.50871
0.5054
0.50211
0.49885
0.49561
0.49238
0.48918
0.486
0.48284
0.4797
0.47658
0.47348
0.47041
0.46735
0.46431
0.46129
0.4583
0.45532
0.45236
0.44942
0.44651
0.44361
0.44073
0.43787
0.43503
0.43221
0.4294
0.42662
0.42386
0.42111
0.41838
0.41567
0.41298
0.41031
0.40766
0.40502
0.4024
0.3998
0.39722
0.39466
0.39211
0.38958
0.38707
0.38457
0.3821
0.37964
0.3772
0.37477
0.37236
0.36997
0.36759
0.36523
0.36289
0.36057
0.35826
0.35596
0.35368
0.35142
0.34918
0.34695
0.34473
0.34254
0.34035
0.33819
0.33603
0.3339
0.33178
0.32967
0.32758
0.3255
0.32344
0.32139
0.31936
0.31734
0.31534
0.31335
0.31138
0.30942
0.30747
0.30554
0.30362
0.30172
0.29983
0.29795
0.29609
0.29424
0.2924
0.29058
0.28877
0.28697
0.28519
0.28342
0.28166
0.27992
0.27818
0.27647
0.27476
0.27307
0.27138
0.26971
0.26806
0.26641
0.26478
0.26316
0.26155
0.25996
0.25837
0.2568
0.25524
0.25369
0.25215
0.25062
0.24911
0.2476
0.24611
0.24463
0.24316
0.2417
0.24025
0.23881
0.23738
0.23597
0.23456
0.23316
0.23178
0.23041
0.22904
0.22769
0.22634
0.22501
0.22369
0.22237
0.22107
0.21978
0.21849
0.21722
0.21595
0.2147
0.21345
0.21222
0.21099
0.20977
0.20857
0.20737
0.20618
0.205
0.20383
0.20266
0.20151
0.20037
0.19923
0.1981
0.19698
0.19587
0.19477
0.19368
0.1926
0.19152
0.19045
0.18939
0.18834
0.1873
0.18626
0.18523
0.18421
0.1832
0.1822
0.1812
0.18021
0.17923
0.17826
0.1773
0.17634
0.17539
0.17444
0.17351
0.17258
0.17166
0.17075
0.16984
0.16894
0.16805
0.16716
0.16628
0.16541
0.16454
0.16369
0.16283
0.16199
0.16115
0.16032
0.15949
0.15868
0.15786
0.15706
0.15626
0.15547
0.15468
0.1539
0.15312
0.15235
0.15159
0.15084
0.15009
0.14934
0.1486
0.14787
0.14714
0.14642
0.14571
0.145
0.14429
0.14359
0.1429
0.14221
0.14153
0.14086
0.14018
0.13952
0.13886
0.1382
0.13755
0.13691
0.13627
0.13563
0.135
0.13438
0.13376
0.13315
0.13254
0.13193
0.13133
0.13074
0.13015
0.12956
0.12898
0.12841
0.12783
0.12727
0.1267
0.12615
0.12559
0.12505
0.1245
0.12396
0.12343
0.12289
0.12237
0.12184
0.12133
0.12081
0.1203
0.1198
0.11929
0.1188
0.1183
0.11781
0.11733
0.11684
0.11637
0.11589
0.11542
0.11496
0.11449
0.11403
0.11358
0.11313
0.11268
0.11224
0.1118
0.11136
0.11093
0.1105
0.11007
0.10965
0.10923
0.10881
0.1084
0.10799
0.10758
0.10718
0.10678
0.10639
0.10599
0.10561
0.10522
0.10484
0.10446
0.10408
0.10371
0.10334
0.10297
0.1026
0.10224
0.10188
0.10153
0.10117
0.10082
0.10048
0.10013
0.099793
0.099455
0.099119
0.098786
0.098456
0.098129
0.097804
0.097482
0.097163
0.096847
0.096533
0.096221
0.095912
0.095606
0.095302
0.095001
0.094703
0.094406
0.094113
0.093821
0.093532
0.093246
0.092962
0.09268
0.092401
0.092123
0.091849
0.091576
0.091306
0.091038
0.090772
0.090509
0.090247
0.089988
0.089731
0.089477
0.089224
0.088973
0.088725
0.088478
0.088234
0.087992
0.087751
0.087513
0.087277
0.087042
0.08681
0.08658
0.086351
0.086125
0.0859
0.085677
0.085456
0.085237
0.08502
0.084805
0.084591
0.084379
0.084169
0.083961
0.083755
0.08355
0.083347
0.083145
0.082946
0.082748
0.082552
0.082357
0.082164
0.081973
0.081783
0.081595
0.081408
0.081223
0.08104
0.080858
0.080678
0.080499
0.080321
0.080146
0.079971
0.079799
0.079627
0.079457
0.079289
0.079122
0.078956
0.078792
0.078629
0.078467
0.078307
0.078149
0.077991
0.077835
0.07768
0.077527
0.077375
0.077224
0.077075
0.076926
0.076779
0.076633
0.076489
0.076346
0.076204
0.076063
0.075923
0.075785
0.075647
0.075511
0.075376
0.075242
0.07511
0.074978
0.074848
0.074718
0.07459
0.074463
0.074337
0.074212
0.074088
0.073965
0.073844
0.073723
0.073603
0.073484
0.06
