0.06
0.20802
0.35309
0.49526
0.63457
0.77107
0.90479
1.0358
1.1641
1.2897
1.4128
1.5333
1.6512
1.7666
1.8796
1.9902
2.0984
2.2043
2.3078
2.4091
2.5081
2.6049
2.6996
2.7921
2.8825
2.9709
3.0572
3.1415
3.2238
3.3042
3.3827
3.4593
3.534
3.6069
3.6781
3.7474
3.815
3.8809
3.9452
4.0077
4.0687
4.128
4.1857
4.242
4.2966
4.3498
4.4015
4.4517
4.5006
4.548
4.594
4.6386
4.682
4.724
4.7647
4.8041
4.8423
4.8793
4.9151
4.9496
4.983
5.0153
5.0464
5.0764
5.1053
5.1332
5.16
5.1857
5.2105
5.2342
5.257
5.2787
5.2996
5.3195
5.3385
5.3566
5.3738
5.3902
5.4057
5.4203
5.4342
5.4472
5.4595
5.4709
5.4816
5.4916
5.5008
5.5093
5.5171
5.5242
5.5306
5.5363
5.5414
5.5459
5.5497
5.5529
5.5555
5.5575
5.5589
5.5597
5.56
5.5597
5.5589
5.5576
5.5557
5.5533
5.5555
5.5575
5.5589
5.5597
5.56
5.5597
5.5589
5.5576
5.5557
5.5533
5.5555
5.5575
5.5589
5.5597
5.56
5.5597
5.5589
5.5576
5.5557
5.5533
5.5555
5.5575
5.5589
5.5597
5.56
5.5597
5.5589
5.5576
5.5557
5.5533
5.5555
5.5575
5.5589
5.5597
5.56
5.5597
5.5589
5.5576
5.5557
5.5533
5.5555
5.5575
5.5589
5.5597
5.56
5.5597
5.5589
5.5576
5.5557
5.5533
5.5555
5.5575
5.5589
5.5597
5.56
5.5597
5.5589
5.5576
5.5557
5.5533
5.5555
5.5575
5.5589
5.5597
5.56
5.5597
5.5589
5.5576
5.5557
5.5533
5.5555
5.5575
5.5589
5.5597
5.56
5.5597
5.5589
5.5576
5.5557
5.5533
5.5555
5.5575
5.5589
5.5597
5.56
5.5597
5.5589
5.5576
5.5557
5.5533
5.5555
5.5575
5.5589
5.5597
5.56
5.5597
5.5589
5.5576
5.5557
5.5533
5.5555
5.5575
5.5589
5.5597
5.56
5.5597
5.5589
5.5576
5.5557
5.5533
5.5555
5.5575
5.5589
5.5597
5.56
5.5597
5.5589
5.5576
5.5557
5.5533
5.5555
5.5575
5.5589
5.5597
5.56
5.5597
5.5589
5.5576
5.5557
5.5533
5.5555
5.5575
5.5589
5.5597
5.56
5.5597
5.5589
5.5576
5.5557
5.5533
5.5555
5.5575
5.5589
5.5597
5.56
5.5597
5.5589
5.5576
5.5557
5.5533
5.5555
5.5575
5.5589
5.5597
5.56
5.5597
5.5589
5.5576
5.5557
5.5533
5.5555
5.5575
5.5589
5.5597
5.56
5.5597
5.5589
5.5576
5.5557
5.5533
5.5555
5.5575
5.5589
5.5597
5.56
5.5597
5.5589
5.5576
5.5557
5.5533
5.5555
5.5575
5.5589
5.5597
5.56
5.5597
5.5589
5.5576
5.5557
5.5533
5.5505
5.5471
5.5433
5.539
5.5343
5.5291
5.5234
5.5174
5.5109
5.504
5.4967
5.489
5.4809
5.4724
5.4636
5.4544
5.4449
5.435
5.4248
5.4143
5.4034
5.3922
5.3807
5.3689
5.3569
5.3445
5.3318
5.3189
5.3057
5.2923
5.2786
5.2647
5.2505
5.2361
5.2215
5.2066
5.1915
5.1763
5.1608
5.1451
5.1292
5.1131
5.0969
5.0805
5.0639
5.0471
5.0302
5.0131
4.9959
4.9785
4.961
4.9433
4.9255
4.9076
4.8895
4.8714
4.8531
4.8347
4.8162
4.7976
4.7789
4.76
4.7411
4.7221
4.7031
4.6839
4.6647
4.6454
4.626
4.6065
4.587
4.5674
4.5478
4.5281
4.5084
4.4886
4.4687
4.4488
4.4289
4.4089
4.3889
4.3689
4.3489
4.3288
4.3087
4.2885
4.2684
4.2482
4.228
4.2078
4.1876
4.1674
4.1471
4.1269
4.1067
4.0864
4.0662
4.046
4.0258
4.0055
3.9853
3.9652
3.945
3.9248
3.9047
3.8845
3.8644
3.8443
3.8243
3.8042
3.7842
3.7642
3.7443
3.7243
3.7044
3.6846
3.6648
3.645
3.6252
3.6055
3.5858
3.5662
3.5466
3.527
3.5075
3.4881
3.4686
3.4493
3.43
3.4107
3.3915
3.3723
3.3532
3.3341
3.3151
3.2961
3.2772
3.2584
3.2396
3.2208
3.2022
3.1835
3.165
3.1465
3.128
3.1097
3.0913
3.0731
3.0549
3.0368
3.0187
3.0007
2.9828
2.9649
2.9471
2.9294
2.9117
2.8941
2.8766
2.8591
2.8417
2.8244
2.8072
2.79
2.7729
2.7558
2.7388
2.7219
2.7051
2.6883
2.6716
2.655
2.6385
2.622
2.6056
2.5893
2.573
2.5568
2.5407
2.5247
2.5087
2.4928
2.477
2.4613
2.4456
2.43
2.4145
2.3991
2.3837
2.3684
2.3532
2.338
2.323
2.308
2.293
2.2782
2.2634
2.2487
2.2341
2.2195
2.2051
2.1906
2.1763
2.1621
2.1479
2.1338
2.1197
2.1058
2.0919
2.0781
2.0644
2.0507
2.0371
2.0236
2.0101
1.9968
1.9835
1.9702
1.9571
1.944
1.931
1.9181
1.9052
1.8924
1.8797
1.8671
1.8545
1.842
1.8295
1.8172
1.8049
1.7927
1.7805
1.7684
1.7564
1.7445
1.7326
1.7208
1.7091
1.6974
1.6858
1.6743
1.6628
1.6515
1.6401
1.6289
1.6177
1.6066
1.5955
1.5845
1.5736
1.5628
1.552
1.5413
1.5306
1.52
1.5095
1.499
1.4887
1.4783
1.4681
1.4579
1.4477
1.4376
1.4276
1.4177
1.4078
1.398
1.3882
1.3785
1.3689
1.3593
1.3498
1.3403
1.3309
1.3216
1.3123
1.3031
1.294
1.2849
1.2758
1.2668
1.2579
1.2491
1.2402
1.2315
1.2228
1.2142
1.2056
1.1971
1.1886
1.1802
1.1719
1.1636
1.1553
1.1471
1.139
1.1309
1.1229
1.1149
1.107
1.0991
1.0913
1.0836
1.0759
1.0682
1.0606
1.053
1.0455
1.0381
1.0307
1.0234
1.0161
1.0088
1.0016
0.99446
0.98736
0.98031
0.9733
0.96635
0.95944
0.95258
0.94577
0.939
0.93229
0.92562
0.91899
0.91241
0.90588
0.89939
0.89295
0.88655
0.8802
0.8739
0.86763
0.86141
0.85524
0.84911
0.84302
0.83697
0.83097
0.82501
0.81909
0.81322
0.80739
0.80159
0.79584
0.79013
0.78446
0.77883
0.77325
0.7677
0.76219
0.75672
0.75129
0.7459
0.74055
0.73523
0.72996
0.72472
0.71952
0.71436
0.70924
0.70415
0.6991
0.69409
0.68911
0.68417
0.67927
0.6744
0.66957
0.66477
0.66001
0.65528
0.65059
0.64593
0.64131
0.63672
0.63216
0.62764
0.62315
0.61869
0.61427
0.60988
0.60552
0.60119
0.5969
0.59264
0.58841
0.58421
0.58004
0.57591
0.5718
0.56772
0.56368
0.55967
0.55568
0.55173
0.5478
0.54391
0.54004
0.5362
0.53239
0.52861
0.52486
0.52114
0.51745
0.51378
0.51014
0.50653
0.50294
0.49939
0.49585
0.49235
0.48887
0.48542
0.482
0.4786
0.47523
0.47188
0.46856
0.46526
0.46199
0.45874
0.45552
0.45233
0.44915
0.44601
0.44288
0.43978
0.43671
0.43365
0.43063
0.42762
0.42464
0.42168
0.41874
0.41583
0.41293
0.41007
0.40722
0.40439
0.40159
0.39881
0.39605
0.39331
0.39059
0.38789
0.38522
0.38256
0.37993
0.37732
0.37472
0.37215
0.3696
0.36706
0.36455
0.36206
0.35958
0.35713
0.35469
0.35227
0.34988
0.3475
0.34514
0.3428
0.34047
0.33817
0.33588
0.33361
0.33136
0.32912
0.32691
0.32471
0.32253
0.32036
0.31822
0.31609
0.31397
0.31188
0.3098
0.30773
0.30569
0.30366
0.30164
0.29964
0.29766
0.29569
0.29374
0.2918
0.28988
0.28798
0.28609
0.28421
0.28235
0.28051
0.27868
0.27686
0.27506
0.27327
0.2715
0.26974
0.26799
0.26626
0.26455
0.26284
0.26115
0.25948
0.25781
0.25616
0.25453
0.25291
0.2513
0.2497
0.24811
0.24654
0.24498
0.24344
0.2419
0.24038
0.23887
0.23738
0.23589
0.23442
0.23296
0.23151
0.23007
0.22865
0.22723
0.22583
0.22444
0.22306
0.22169
0.22033
0.21898
0.21765
0.21632
0.21501
0.2137
0.21241
0.21113
0.20986
0.20859
0.20734
0.2061
0.20487
0.20365
0.20244
0.20124
0.20005
0.19886
0.19769
0.19653
0.19538
0.19423
0.1931
0.19197
0.19086
0.18975
0.18865
0.18756
0.18648
0.18541
0.18435
0.1833
0.18225
0.18122
0.18019
0.17917
0.17816
0.17716
0.17616
0.17518
0.1742
0.17323
0.17227
0.17131
0.17037
0.16943
0.1685
0.16758
0.16666
0.16575
0.16485
0.16396
0.16308
0.1622
0.16133
0.16046
0.15961
0.15876
0.15792
0.15708
0.15625
0.15543
0.15462
0.15381
0.15301
0.15221
0.15143
0.15064
0.14987
0.1491
0.14834
0.14758
0.14683
0.14609
0.14535
0.14462
0.1439
0.14318
0.14247
0.14176
0.14106
0.14037
0.13968
0.13899
0.13832
0.13764
0.13698
0.13632
0.13566
0.13501
0.13437
0.13373
0.13309
0.13247
0.13184
0.13122
0.13061
0.13
0.1294
0.12881
0.12821
0.12763
0.12704
0.12647
0.12589
0.12532
0.12476
0.1242
0.12365
0.1231
0.12256
0.12202
0.12148
0.12095
0.12042
0.1199
0.11939
0.11887
0.11836
0.11786
0.11736
0.11686
0.11637
0.11588
0.1154
0.11492
0.11445
0.11397
0.11351
0.11304
0.11258
0.11213
0.11168
0.11123
0.11079
0.11035
0.10991
0.10948
0.10905
0.10862
0.1082
0.10778
0.10737
0.10695
0.10655
0.10614
0.10574
0.10534
0.10495
0.10456
0.10417
0.10379
0.10341
0.10303
0.10266
0.10228
0.10192
0.10155
0.10119
0.10083
0.10048
0.10012
0.099773
0.099427
0.099083
0.098742
0.098405
0.09807
0.097738
0.097408
0.097082
0.06
