0.06
0.26184
0.45967
0.65354
0.84351
1.0296
1.212
1.3906
1.5656
1.7369
1.9047
2.069
2.2298
2.3872
2.5413
2.6921
2.8396
2.984
3.1252
3.2633
3.3983
3.5303
3.6594
3.7856
3.9089
4.0294
4.1471
4.262
4.3743
4.4839
4.5909
4.6954
4.7973
4.8967
4.9937
5.0883
5.1805
5.2704
5.3579
5.4433
5.5264
5.6073
5.686
5.7627
5.8372
5.9097
5.9802
6.0487
6.1153
6.1799
6.2427
6.3036
6.3627
6.42
6.4755
6.5293
6.5814
6.6318
6.6805
6.7277
6.7732
6.8172
6.8596
6.9005
6.94
6.978
7.0145
7.0496
7.0834
7.1157
7.1468
7.1765
7.2049
7.2321
7.258
7.2826
7.3061
7.3284
7.3495
7.3695
7.3884
7.4062
7.4229
7.4385
7.4531
7.4667
7.4793
7.4909
7.5015
7.5112
7.5199
7.5277
7.5347
7.5407
7.5459
7.5503
7.5538
7.5566
7.5585
7.5596
7.56
7.5596
7.5585
7.5567
7.5542
7.5509
7.5538
7.5566
7.5585
7.5596
7.56
7.5596
7.5585
7.5567
7.5542
7.5509
7.5538
7.5566
7.5585
7.5596
7.56
7.5596
7.5585
7.5567
7.5542
7.5509
7.5538
7.5566
7.5585
7.5596
7.56
7.5596
7.5585
7.5567
7.5542
7.5509
7.5538
7.5566
7.5585
7.5596
7.56
7.5596
7.5585
7.5567
7.5542
7.5509
7.5538
7.5566
7.5585
7.5596
7.56
7.5596
7.5585
7.5567
7.5542
7.5509
7.5538
7.5566
7.5585
7.5596
7.56
7.5596
7.5585
7.5567
7.5542
7.5509
7.5538
7.5566
7.5585
7.5596
7.56
7.5596
7.5585
7.5567
7.5542
7.5509
7.5538
7.5566
7.5585
7.5596
7.56
7.5596
7.5585
7.5567
7.5542
7.5509
7.5538
7.5566
7.5585
7.5596
7.56
7.5596
7.5585
7.5567
7.5542
7.5509
7.5538
7.5566
7.5585
7.5596
7.56
7.5596
7.5585
7.5567
7.5542
7.5509
7.5538
7.5566
7.5585
7.5596
7.56
7.5596
7.5585
7.5567
7.5542
7.5509
7.5538
7.5566
7.5585
7.5596
7.56
7.5596
7.5585
7.5567
7.5542
7.5509
7.5538
7.5566
7.5585
7.5596
7.56
7.5596
7.5585
7.5567
7.5542
7.5509
7.5538
7.5566
7.5585
7.5596
7.56
7.5596
7.5585
7.5567
7.5542
7.5509
7.5538
7.5566
7.5585
7.5596
7.56
7.5596
7.5585
7.5567
7.5542
7.5509
7.5538
7.5566
7.5585
7.5596
7.56
7.5596
7.5585
7.5567
7.5542
7.5509
7.5538
7.5566
7.5585
7.5596
7.56
7.5596
7.5585
7.5567
7.5542
7.5509
7.5538
7.5566
7.5585
7.5596
7.56
7.5596
7.5585
7.5567
7.5542
7.5509
7.5538
7.5566
7.5585
7.5596
7.56
7.5596
7.5585
7.5567
7.5542
7.5509
7.547
7.5425
7.5372
7.5314
7.5249
7.5178
7.5101
7.5019
7.493
7.4836
7.4737
7.4632
7.4521
7.4406
7.4286
7.4161
7.403
7.3896
7.3756
7.3613
7.3464
7.3312
7.3155
7.2995
7.283
7.2661
7.2489
7.2313
7.2133
7.195
7.1763
7.1573
7.138
7.1183
7.0984
7.0781
7.0575
7.0367
7.0156
6.9942
6.9726
6.9507
6.9285
6.9061
6.8835
6.8606
6.8375
6.8142
6.7907
6.767
6.7431
6.7191
6.6948
6.6704
6.6457
6.621
6.596
6.5709
6.5457
6.5203
6.4948
6.4691
6.4434
6.4175
6.3915
6.3653
6.3391
6.3128
6.2863
6.2598
6.2332
6.2065
6.1797
6.1529
6.1259
6.0989
6.0719
6.0448
6.0176
5.9904
5.9631
5.9358
5.9084
5.881
5.8536
5.8262
5.7987
5.7712
5.7436
5.7161
5.6885
5.661
5.6334
5.6058
5.5782
5.5506
5.523
5.4954
5.4679
5.4403
5.4127
5.3852
5.3577
5.3302
5.3027
5.2753
5.2478
5.2205
5.1931
5.1658
5.1385
5.1112
5.084
5.0568
5.0297
5.0026
4.9756
4.9486
4.9217
4.8948
4.8679
4.8412
4.8144
4.7878
4.7612
4.7346
4.7082
4.6817
4.6554
4.6291
4.6029
4.5768
4.5507
4.5247
4.4987
4.4729
4.4471
4.4214
4.3958
4.3702
4.3448
4.3194
4.2941
4.2688
4.2437
4.2186
4.1937
4.1688
4.144
4.1192
4.0946
4.0701
4.0456
4.0213
3.997
3.9728
3.9487
3.9247
3.9008
3.877
3.8533
3.8296
3.8061
3.7827
3.7593
3.7361
3.7129
3.6899
3.6669
3.6441
3.6213
3.5987
3.5761
3.5536
3.5313
3.509
3.4868
3.4648
3.4428
3.4209
3.3992
3.3775
3.3559
3.3345
3.3131
3.2919
3.2707
3.2496
3.2287
3.2078
3.1871
3.1664
3.1458
3.1254
3.105
3.0848
3.0646
3.0446
3.0247
3.0048
2.9851
2.9654
2.9459
2.9264
2.9071
2.8879
2.8687
2.8497
2.8308
2.8119
2.7932
2.7746
2.756
2.7376
2.7193
2.701
2.6829
2.6649
2.6469
2.6291
2.6114
2.5937
2.5762
2.5587
2.5414
2.5242
2.507
2.49
2.473
2.4562
2.4394
2.4227
2.4062
2.3897
2.3733
2.357
2.3408
2.3247
2.3087
2.2928
2.277
2.2613
2.2457
2.2302
2.2147
2.1994
2.1841
2.169
2.1539
2.1389
2.124
2.1092
2.0945
2.0799
2.0654
2.0509
2.0366
2.0223
2.0082
1.9941
1.9801
1.9662
1.9523
1.9386
1.925
1.9114
1.8979
1.8845
1.8712
1.858
1.8448
1.8318
1.8188
1.8059
1.7931
1.7804
1.7677
1.7551
1.7427
1.7303
1.7179
1.7057
1.6935
1.6814
1.6694
1.6575
1.6457
1.6339
1.6222
1.6106
1.599
1.5876
1.5762
1.5649
1.5536
1.5424
1.5314
1.5203
1.5094
1.4985
1.4877
1.477
1.4664
1.4558
1.4453
1.4348
1.4245
1.4142
1.4039
1.3938
1.3837
1.3737
1.3637
1.3538
1.344
1.3343
1.3246
1.315
1.3054
1.2959
1.2865
1.2772
1.2679
1.2586
1.2495
1.2404
1.2314
1.2224
1.2135
1.2046
1.1958
1.1871
1.1785
1.1699
1.1613
1.1528
1.1444
1.1361
1.1278
1.1195
1.1113
1.1032
1.0951
1.0871
1.0792
1.0713
1.0634
1.0556
1.0479
1.0402
1.0326
1.025
1.0175
1.0101
1.0027
0.99532
0.98802
0.98077
0.97358
0.96644
0.95935
0.95231
0.94533
0.93839
0.9315
0.92467
0.91788
0.91115
0.90446
0.89782
0.89123
0.88469
0.87819
0.87175
0.86535
0.859
0.85269
0.84643
0.84022
0.83405
0.82793
0.82185
0.81582
0.80983
0.80389
0.79799
0.79214
0.78632
0.78056
0.77483
0.76915
0.76351
0.75791
0.75235
0.74684
0.74136
0.73593
0.73054
0.72518
0.71987
0.7146
0.70937
0.70417
0.69902
0.6939
0.68883
0.68379
0.67879
0.67383
0.6689
0.66401
0.65916
0.65435
0.64957
0.64483
0.64012
0.63545
0.63082
0.62622
0.62165
0.61712
0.61263
0.60817
0.60374
0.59935
0.59499
0.59067
0.58637
0.58211
0.57789
0.57369
0.56953
0.5654
0.5613
0.55723
0.5532
0.54919
0.54522
0.54127
0.53736
0.53348
0.52963
0.5258
0.52201
0.51825
0.51451
0.51081
0.50713
0.50348
0.49986
0.49627
0.4927
0.48917
0.48566
0.48218
0.47872
0.4753
0.47189
0.46852
0.46517
0.46185
0.45856
0.45529
0.45204
0.44882
0.44563
0.44246
0.43932
0.4362
0.4331
0.43003
0.42699
0.42397
0.42097
0.41799
0.41504
0.41212
0.40921
0.40633
0.40347
0.40063
0.39782
0.39503
0.39226
0.38951
0.38679
0.38408
0.3814
0.37874
0.3761
0.37348
0.37088
0.3683
0.36574
0.36321
0.36069
0.35819
0.35572
0.35326
0.35082
0.34841
0.34601
0.34363
0.34127
0.33893
0.3366
0.3343
0.33201
0.32975
0.3275
0.32527
0.32305
0.32086
0.31868
0.31652
0.31438
0.31225
0.31014
0.30805
0.30598
0.30392
0.30188
0.29985
0.29785
0.29585
0.29388
0.29192
0.28997
0.28804
0.28613
0.28423
0.28235
0.28048
0.27863
0.2768
0.27497
0.27317
0.27137
0.2696
0.26783
0.26608
0.26435
0.26263
0.26092
0.25923
0.25755
0.25589
0.25423
0.2526
0.25097
0.24936
0.24776
0.24618
0.2446
0.24304
0.2415
0.23996
0.23844
0.23693
0.23544
0.23395
0.23248
0.23102
0.22957
0.22813
0.22671
0.2253
0.2239
0.22251
0.22113
0.21976
0.21841
0.21706
0.21573
0.21441
0.21309
0.21179
0.2105
0.20922
0.20795
0.2067
0.20545
0.20421
0.20298
0.20177
0.20056
0.19936
0.19817
0.197
0.19583
0.19467
0.19352
0.19238
0.19125
0.19013
0.18902
0.18792
0.18683
0.18575
0.18467
0.18361
0.18255
0.1815
0.18046
0.17943
0.17841
0.1774
0.17639
0.1754
0.17441
0.17343
0.17246
0.17149
0.17054
0.16959
0.16865
0.16772
0.16679
0.16588
0.16497
0.16407
0.16317
0.16229
0.16141
0.16054
0.15967
0.15882
0.15797
0.15712
0.15629
0.15546
0.15464
0.15383
0.15302
0.15222
0.15142
0.15063
0.14985
0.14908
0.14831
0.14755
0.1468
0.14605
0.1453
0.14457
0.14384
0.14311
0.1424
0.14169
0.14098
0.14028
0.13959
0.1389
0.13822
0.13754
0.13687
0.13621
0.13555
0.13489
0.13424
0.1336
0.13296
0.13233
0.13171
0.13109
0.13047
0.12986
0.12925
0.12865
0.12806
0.12747
0.12688
0.1263
0.12573
0.12516
0.12459
0.12403
0.12347
0.12292
0.12238
0.12183
0.1213
0.12076
0.12024
0.11971
0.11919
0.11868
0.11817
0.11766
0.11716
0.11666
0.11617
0.11568
0.11519
0.11471
0.11424
0.11376
0.1133
0.11283
0.11237
0.11191
0.11146
0.11101
0.11057
0.06
