0.06
0.073456
0.086645
0.099569
0.11223
0.12464
0.1368
0.14871
0.16037
0.17179
0.18298
0.19393
0.20465
0.21515
0.22542
0.23547
0.24531
0.25493
0.26434
0.27355
0.28255
0.29136
0.29996
0.30837
0.31659
0.32463
0.33247
0.34014
0.34762
0.35493
0.36206
0.36903
0.37582
0.38245
0.38891
0.39522
0.40137
0.40736
0.4132
0.41888
0.42442
0.42982
0.43507
0.44018
0.44515
0.44998
0.45468
0.45925
0.46369
0.468
0.47218
0.47624
0.48018
0.484
0.4877
0.49129
0.49476
0.49812
0.50137
0.50451
0.50755
0.51048
0.51331
0.51604
0.51867
0.5212
0.52363
0.52597
0.52822
0.53038
0.53245
0.53443
0.53633
0.53814
0.53986
0.54151
0.54307
0.54456
0.54597
0.5473
0.54856
0.54975
0.55086
0.5519
0.55287
0.55378
0.55462
0.55539
0.5561
0.55674
0.55733
0.55785
0.55831
0.55872
0.55906
0.55935
0.55959
0.55977
0.5599
0.55997
0.56
0.55998
0.5599
0.55978
0.55961
0.5594
0.55959
0.55977
0.5599
0.55997
0.56
0.55998
0.5599
0.55978
0.55961
0.5594
0.55959
0.55977
0.5599
0.55997
0.56
0.55998
0.5599
0.55978
0.55961
0.5594
0.55959
0.55977
0.5599
0.55997
0.56
0.55998
0.5599
0.55978
0.55961
0.5594
0.55959
0.55977
0.5599
0.55997
0.56
0.55998
0.5599
0.55978
0.55961
0.5594
0.55959
0.55977
0.5599
0.55997
0.56
0.55998
0.5599
0.55978
0.55961
0.5594
0.55959
0.55977
0.5599
0.55997
0.56
0.55998
0.5599
0.55978
0.55961
0.5594
0.55959
0.55977
0.5599
0.55997
0.56
0.55998
0.5599
0.55978
0.55961
0.5594
0.55959
0.55977
0.5599
0.55997
0.56
0.55998
0.5599
0.55978
0.55961
0.5594
0.55959
0.55977
0.5599
0.55997
0.56
0.55998
0.5599
0.55978
0.55961
0.5594
0.55959
0.55977
0.5599
0.55997
0.56
0.55998
0.5599
0.55978
0.55961
0.5594
0.55959
0.55977
0.5599
0.55997
0.56
0.55998
0.5599
0.55978
0.55961
0.5594
0.55959
0.55977
0.5599
0.55997
0.56
0.55998
0.5599
0.55978
0.55961
0.5594
0.55959
0.55977
0.5599
0.55997
0.56
0.55998
0.5599
0.55978
0.55961
0.5594
0.55959
0.55977
0.5599
0.55997
0.56
0.55998
0.5599
0.55978
0.55961
0.5594
0.55959
0.55977
0.5599
0.55997
0.56
0.55998
0.5599
0.55978
0.55961
0.5594
0.55959
0.55977
0.5599
0.55997
0.56
0.55998
0.5599
0.55978
0.55961
0.5594
0.55959
0.55977
0.5599
0.55997
0.56
0.55998
0.5599
0.55978
0.55961
0.5594
0.55959
0.55977
0.5599
0.55997
0.56
0.55998
0.5599
0.55978
0.55961
0.5594
0.55959
0.55977
0.5599
0.55997
0.56
0.55998
0.5599
0.55978
0.55961
0.5594
0.55914
0.55883
0.55848
0.55809
0.55766
0.55719
0.55668
0.55612
0.55553
0.55491
0.55424
0.55354
0.55281
0.55204
0.55124
0.5504
0.54954
0.54864
0.54771
0.54675
0.54576
0.54475
0.5437
0.54263
0.54153
0.54041
0.53926
0.53808
0.53689
0.53566
0.53442
0.53315
0.53186
0.53055
0.52922
0.52787
0.5265
0.52511
0.52371
0.52228
0.52084
0.51938
0.5179
0.51641
0.5149
0.51337
0.51184
0.51028
0.50872
0.50714
0.50554
0.50394
0.50232
0.50069
0.49905
0.4974
0.49573
0.49406
0.49238
0.49069
0.48899
0.48728
0.48556
0.48383
0.4821
0.48036
0.47861
0.47685
0.47509
0.47332
0.47155
0.46977
0.46798
0.46619
0.4644
0.4626
0.46079
0.45899
0.45717
0.45536
0.45354
0.45172
0.4499
0.44807
0.44624
0.44441
0.44258
0.44074
0.43891
0.43707
0.43524
0.4334
0.43156
0.42972
0.42788
0.42604
0.4242
0.42236
0.42052
0.41869
0.41685
0.41501
0.41318
0.41135
0.40951
0.40768
0.40586
0.40403
0.40221
0.40038
0.39857
0.39675
0.39493
0.39312
0.39131
0.38951
0.38771
0.38591
0.38411
0.38232
0.38053
0.37874
0.37696
0.37519
0.37341
0.37164
0.36988
0.36812
0.36636
0.36461
0.36286
0.36112
0.35938
0.35764
0.35592
0.35419
0.35247
0.35076
0.34905
0.34735
0.34565
0.34396
0.34227
0.34059
0.33891
0.33724
0.33558
0.33392
0.33226
0.33062
0.32897
0.32734
0.32571
0.32408
0.32247
0.32085
0.31925
0.31765
0.31605
0.31447
0.31288
0.31131
0.30974
0.30818
0.30662
0.30507
0.30353
0.30199
0.30046
0.29894
0.29742
0.29591
0.29441
0.29291
0.29142
0.28993
0.28846
0.28699
0.28552
0.28406
0.28261
0.28117
0.27973
0.2783
0.27687
0.27546
0.27405
0.27264
0.27124
0.26985
0.26847
0.26709
0.26572
0.26436
0.263
0.26165
0.26031
0.25897
0.25764
0.25632
0.255
0.2537
0.25239
0.2511
0.24981
0.24853
0.24725
0.24598
0.24472
0.24346
0.24221
0.24097
0.23974
0.23851
0.23729
0.23607
0.23486
0.23366
0.23246
0.23127
0.23009
0.22892
0.22775
0.22658
0.22543
0.22428
0.22313
0.222
0.22087
0.21974
0.21863
0.21752
0.21641
0.21531
0.21422
0.21314
0.21206
0.21098
0.20992
0.20886
0.2078
0.20675
0.20571
0.20468
0.20365
0.20263
0.20161
0.2006
0.19959
0.19859
0.1976
0.19662
0.19564
0.19466
0.19369
0.19273
0.19177
0.19082
0.18988
0.18894
0.18801
0.18708
0.18616
0.18524
0.18433
0.18343
0.18253
0.18163
0.18075
0.17986
0.17899
0.17812
0.17725
0.17639
0.17554
0.17469
0.17385
0.17301
0.17218
0.17135
0.17053
0.16971
0.1689
0.1681
0.1673
0.1665
0.16571
0.16493
0.16415
0.16337
0.1626
0.16184
0.16108
0.16032
0.15957
0.15883
0.15809
0.15736
0.15663
0.1559
0.15518
0.15447
0.15376
0.15305
0.15235
0.15165
0.15096
0.15028
0.1496
0.14892
0.14825
0.14758
0.14691
0.14626
0.1456
0.14495
0.14431
0.14366
0.14303
0.1424
0.14177
0.14114
0.14052
0.13991
0.1393
0.13869
0.13809
0.13749
0.1369
0.13631
0.13572
0.13514
0.13456
0.13399
0.13342
0.13286
0.13229
0.13174
0.13118
0.13063
0.13009
0.12955
0.12901
0.12847
0.12794
0.12742
0.12689
0.12638
0.12586
0.12535
0.12484
0.12434
0.12384
0.12334
0.12284
0.12235
0.12187
0.12138
0.12091
0.12043
0.11996
0.11949
0.11902
0.11856
0.1181
0.11764
0.11719
0.11674
0.1163
0.11585
0.11542
0.11498
0.11455
0.11412
0.11369
0.11327
0.11285
0.11243
0.11201
0.1116
0.1112
0.11079
0.11039
0.10999
0.10959
0.1092
0.10881
0.10842
0.10804
0.10766
0.10728
0.1069
0.10653
0.10616
0.10579
0.10542
0.10506
0.1047
0.10435
0.10399
0.10364
0.10329
0.10294
0.1026
0.10226
0.10192
0.10159
0.10125
0.10092
0.10059
0.10027
0.099944
0.099623
0.099305
0.098988
0.098675
0.098363
0.098055
0.097748
0.097444
0.097142
0.096842
0.096545
0.09625
0.095957
0.095666
0.095378
0.095092
0.094808
0.094526
0.094246
0.093969
0.093693
0.09342
0.093149
0.09288
0.092613
0.092348
0.092085
0.091824
0.091565
0.091308
0.091054
0.090801
0.09055
0.090301
0.090054
0.089809
0.089565
0.089324
0.089085
0.088847
0.088611
0.088377
0.088145
0.087915
0.087686
0.08746
0.087235
0.087012
0.08679
0.08657
0.086352
0.086136
0.085922
0.085709
0.085497
0.085288
0.08508
0.084874
0.084669
0.084466
0.084264
0.084065
0.083866
0.08367
0.083474
0.083281
0.083089
0.082898
0.082709
0.082521
0.082335
0.082151
0.081967
0.081786
0.081605
0.081427
0.081249
0.081073
0.080899
0.080725
0.080553
0.080383
0.080214
0.080046
0.07988
0.079715
0.079551
0.079388
0.079227
0.079067
0.078909
0.078751
0.078595
0.07844
0.078287
0.078134
0.077983
0.077833
0.077684
0.077537
0.077391
0.077245
0.077101
0.076958
0.076817
0.076676
0.076537
0.076398
0.076261
0.076125
0.07599
0.075856
0.075724
0.075592
0.075461
0.075331
0.075203
0.075075
0.074949
0.074823
0.074699
0.074576
0.074453
0.074332
0.074211
0.074092
0.073973
0.073856
0.073739
0.073623
0.073509
0.073395
0.073282
0.07317
0.073059
0.072949
0.07284
0.072731
0.072624
0.072517
0.072412
0.072307
0.072203
0.0721
0.071998
0.071896
0.071796
0.071696
0.071597
0.071499
0.071401
0.071305
0.071209
0.071114
0.07102
0.070926
0.070834
0.070742
0.070651
0.07056
0.070471
0.070382
0.070294
0.070206
0.07012
0.070034
0.069948
0.069864
0.06978
0.069697
0.069614
0.069532
0.069451
0.069371
0.069291
0.069212
0.069133
0.069055
0.068978
0.068902
0.068826
0.06875
0.068676
0.068602
0.068528
0.068455
0.068383
0.068311
0.06824
0.06817
0.0681
0.068031
0.067962
0.067894
0.067827
0.06776
0.067693
0.067627
0.067562
0.067497
0.067433
0.067369
0.067306
0.067243
0.067181
0.06712
0.067058
0.066998
0.066938
0.066878
0.066819
0.066761
0.066703
0.066645
0.066588
0.066531
0.066475
0.066419
0.066364
0.066309
0.066255
0.066201
0.066148
0.066095
0.066042
0.06599
0.065939
0.065887
0.065837
0.065786
0.065736
0.065687
0.065638
0.065589
0.065541
0.065493
0.065446
0.065399
0.065352
0.065306
0.06526
0.065214
0.065169
0.065125
0.06508
0.065036
0.064993
0.06495
0.064907
0.064864
0.064822
0.06478
0.064739
0.064698
0.064657
0.064617
0.064577
0.064537
0.064498
0.064459
0.06442
0.064382
0.064344
0.064306
0.064269
0.064232
0.064195
0.064158
0.064122
0.064086
0.064051
0.064016
0.063981
0.063946
0.063912
0.063878
0.063844
0.063811
0.063777
0.063745
0.063712
0.06368
0.063648
0.063616
0.063584
0.063553
0.063522
0.063491
0.063461
0.063431
0.063401
0.063371
0.06
