0.06
0.12728
0.19322
0.25785
0.32117
0.38321
0.444
0.50354
0.56186
0.61897
0.6749
0.72966
0.78327
0.83575
0.88711
0.93737
0.98655
1.0347
1.0817
1.1278
1.1728
1.2168
1.2598
1.3019
1.343
1.3831
1.4224
1.4607
1.4981
1.5346
1.5703
1.6051
1.6391
1.6722
1.7046
1.7361
1.7668
1.7968
1.826
1.8544
1.8821
1.9091
1.9353
1.9609
1.9857
2.0099
2.0334
2.0562
2.0784
2.1
2.1209
2.1412
2.1609
2.18
2.1985
2.2164
2.2338
2.2506
2.2668
2.2826
2.2977
2.3124
2.3265
2.3402
2.3533
2.366
2.3782
2.3899
2.4011
2.4119
2.4223
2.4322
2.4416
2.4507
2.4593
2.4675
2.4754
2.4828
2.4898
2.4965
2.5028
2.5087
2.5143
2.5195
2.5244
2.5289
2.5331
2.537
2.5405
2.5437
2.5466
2.5492
2.5516
2.5536
2.5553
2.5568
2.5579
2.5589
2.5595
2.5599
2.56
2.5599
2.5595
2.5589
2.5581
2.557
2.5579
2.5589
2.5595
2.5599
2.56
2.5599
2.5595
2.5589
2.5581
2.557
2.5579
2.5589
2.5595
2.5599
2.56
2.5599
2.5595
2.5589
2.5581
2.557
2.5579
2.5589
2.5595
2.5599
2.56
2.5599
2.5595
2.5589
2.5581
2.557
2.5579
2.5589
2.5595
2.5599
2.56
2.5599
2.5595
2.5589
2.5581
2.557
2.5579
2.5589
2.5595
2.5599
2.56
2.5599
2.5595
2.5589
2.5581
2.557
2.5579
2.5589
2.5595
2.5599
2.56
2.5599
2.5595
2.5589
2.5581
2.557
2.5579
2.5589
2.5595
2.5599
2.56
2.5599
2.5595
2.5589
2.5581
2.557
2.5579
2.5589
2.5595
2.5599
2.56
2.5599
2.5595
2.5589
2.5581
2.557
2.5579
2.5589
2.5595
2.5599
2.56
2.5599
2.5595
2.5589
2.5581
2.557
2.5579
2.5589
2.5595
2.5599
2.56
2.5599
2.5595
2.5589
2.5581
2.557
2.5579
2.5589
2.5595
2.5599
2.56
2.5599
2.5595
2.5589
2.5581
2.557
2.5579
2.5589
2.5595
2.5599
2.56
2.5599
2.5595
2.5589
2.5581
2.557
2.5579
2.5589
2.5595
2.5599
2.56
2.5599
2.5595
2.5589
2.5581
2.557
2.5579
2.5589
2.5595
2.5599
2.56
2.5599
2.5595
2.5589
2.5581
2.557
2.5579
2.5589
2.5595
2.5599
2.56
2.5599
2.5595
2.5589
2.5581
2.557
2.5579
2.5589
2.5595
2.5599
2.56
2.5599
2.5595
2.5589
2.5581
2.557
2.5579
2.5589
2.5595
2.5599
2.56
2.5599
2.5595
2.5589
2.5581
2.557
2.5579
2.5589
2.5595
2.5599
2.56
2.5599
2.5595
2.5589
2.5581
2.557
2.5579
2.5589
2.5595
2.5599
2.56
2.5599
2.5595
2.5589
2.5581
2.557
2.5557
2.5542
2.5524
2.5505
2.5483
2.5459
2.5434
2.5406
2.5377
2.5345
2.5312
2.5277
2.524
2.5202
2.5162
2.512
2.5077
2.5032
2.4985
2.4938
2.4888
2.4837
2.4785
2.4732
2.4677
2.462
2.4563
2.4504
2.4444
2.4383
2.4321
2.4258
2.4193
2.4128
2.4061
2.3994
2.3925
2.3856
2.3785
2.3714
2.3642
2.3569
2.3495
2.342
2.3345
2.3269
2.3192
2.3114
2.3036
2.2957
2.2877
2.2797
2.2716
2.2635
2.2552
2.247
2.2387
2.2303
2.2219
2.2134
2.2049
2.1964
2.1878
2.1792
2.1705
2.1618
2.153
2.1443
2.1354
2.1266
2.1177
2.1088
2.0999
2.091
2.082
2.073
2.064
2.0549
2.0459
2.0368
2.0277
2.0186
2.0095
2.0003
1.9912
1.9821
1.9729
1.9637
1.9545
1.9454
1.9362
1.927
1.9178
1.9086
1.8994
1.8902
1.881
1.8718
1.8626
1.8534
1.8442
1.8351
1.8259
1.8167
1.8076
1.7984
1.7893
1.7802
1.771
1.7619
1.7528
1.7437
1.7347
1.7256
1.7166
1.7075
1.6985
1.6895
1.6806
1.6716
1.6626
1.6537
1.6448
1.6359
1.6271
1.6182
1.6094
1.6006
1.5918
1.583
1.5743
1.5656
1.5569
1.5482
1.5396
1.531
1.5224
1.5138
1.5053
1.4967
1.4883
1.4798
1.4714
1.4629
1.4546
1.4462
1.4379
1.4296
1.4213
1.4131
1.4049
1.3967
1.3885
1.3804
1.3723
1.3643
1.3562
1.3482
1.3403
1.3323
1.3244
1.3165
1.3087
1.3009
1.2931
1.2854
1.2776
1.27
1.2623
1.2547
1.2471
1.2396
1.232
1.2245
1.2171
1.2097
1.2023
1.1949
1.1876
1.1803
1.1731
1.1658
1.1586
1.1515
1.1444
1.1373
1.1302
1.1232
1.1162
1.1093
1.1024
1.0955
1.0886
1.0818
1.075
1.0683
1.0615
1.0549
1.0482
1.0416
1.035
1.0285
1.022
1.0155
1.009
1.0026
0.99625
0.9899
0.98359
0.97731
0.97107
0.96486
0.95868
0.95254
0.94643
0.94035
0.9343
0.92829
0.92231
0.91637
0.91046
0.90458
0.89873
0.89292
0.88714
0.88139
0.87567
0.86999
0.86434
0.85872
0.85313
0.84758
0.84205
0.83656
0.8311
0.82568
0.82028
0.81492
0.80958
0.80428
0.79901
0.79377
0.78857
0.78339
0.77824
0.77313
0.76804
0.76299
0.75797
0.75297
0.74801
0.74308
0.73818
0.7333
0.72846
0.72365
0.71887
0.71411
0.70939
0.70469
0.70003
0.69539
0.69078
0.6862
0.68165
0.67713
0.67264
0.66817
0.66373
0.65932
0.65494
0.65059
0.64626
0.64197
0.6377
0.63345
0.62924
0.62505
0.62089
0.61675
0.61264
0.60856
0.60451
0.60048
0.59648
0.5925
0.58855
0.58463
0.58073
0.57685
0.57301
0.56919
0.56539
0.56162
0.55787
0.55415
0.55045
0.54678
0.54313
0.53951
0.53591
0.53234
0.52878
0.52526
0.52175
0.51827
0.51482
0.51139
0.50798
0.50459
0.50123
0.49789
0.49457
0.49128
0.488
0.48475
0.48153
0.47832
0.47514
0.47198
0.46884
0.46572
0.46262
0.45955
0.45649
0.45346
0.45045
0.44746
0.44449
0.44154
0.43861
0.43571
0.43282
0.42995
0.42711
0.42428
0.42147
0.41869
0.41592
0.41317
0.41044
0.40773
0.40504
0.40237
0.39972
0.39709
0.39447
0.39188
0.3893
0.38674
0.3842
0.38168
0.37918
0.37669
0.37422
0.37177
0.36934
0.36692
0.36453
0.36215
0.35978
0.35744
0.35511
0.3528
0.3505
0.34822
0.34596
0.34372
0.34149
0.33927
0.33708
0.3349
0.33273
0.33058
0.32845
0.32633
0.32423
0.32214
0.32007
0.31802
0.31598
0.31395
0.31194
0.30994
0.30796
0.306
0.30405
0.30211
0.30019
0.29828
0.29638
0.2945
0.29264
0.29078
0.28895
0.28712
0.28531
0.28351
0.28173
0.27996
0.2782
0.27646
0.27472
0.27301
0.2713
0.26961
0.26793
0.26626
0.26461
0.26297
0.26134
0.25972
0.25812
0.25652
0.25494
0.25337
0.25182
0.25027
0.24874
0.24722
0.24571
0.24421
0.24272
0.24125
0.23978
0.23833
0.23689
0.23546
0.23404
0.23263
0.23123
0.22984
0.22847
0.2271
0.22574
0.2244
0.22306
0.22174
0.22042
0.21912
0.21783
0.21654
0.21527
0.214
0.21275
0.2115
0.21027
0.20904
0.20783
0.20662
0.20542
0.20423
0.20306
0.20189
0.20073
0.19957
0.19843
0.1973
0.19617
0.19506
0.19395
0.19285
0.19176
0.19068
0.18961
0.18854
0.18749
0.18644
0.1854
0.18437
0.18334
0.18233
0.18132
0.18032
0.17933
0.17835
0.17737
0.1764
0.17544
0.17449
0.17354
0.17261
0.17168
0.17075
0.16984
0.16893
0.16803
0.16713
0.16625
0.16537
0.16449
0.16363
0.16277
0.16191
0.16107
0.16023
0.1594
0.15857
0.15775
0.15694
0.15614
0.15534
0.15454
0.15376
0.15298
0.1522
0.15143
0.15067
0.14992
0.14917
0.14842
0.14768
0.14695
0.14623
0.14551
0.14479
0.14408
0.14338
0.14268
0.14199
0.14131
0.14063
0.13995
0.13928
0.13862
0.13796
0.13731
0.13666
0.13601
0.13538
0.13474
0.13412
0.13349
0.13288
0.13227
0.13166
0.13106
0.13046
0.12987
0.12928
0.12869
0.12812
0.12754
0.12697
0.12641
0.12585
0.1253
0.12474
0.1242
0.12366
0.12312
0.12259
0.12206
0.12153
0.12101
0.1205
0.11999
0.11948
0.11898
0.11848
0.11798
0.11749
0.11701
0.11652
0.11604
0.11557
0.1151
0.11463
0.11417
0.11371
0.11325
0.1128
0.11235
0.11191
0.11147
0.11103
0.1106
0.11017
0.10974
0.10932
0.1089
0.10848
0.10807
0.10766
0.10726
0.10685
0.10645
0.10606
0.10567
0.10528
0.10489
0.10451
0.10413
0.10375
0.10338
0.10301
0.10264
0.10228
0.10192
0.10156
0.1012
0.10085
0.1005
0.10015
0.099811
0.09947
0.099133
0.098798
0.098465
0.098136
0.097809
0.097485
0.097164
0.096846
0.09653
0.096217
0.095906
0.095598
0.095292
0.094989
0.094689
0.094391
0.094096
0.093803
0.093513
0.093225
0.092939
0.092656
0.092375
0.092096
0.09182
0.091547
0.091275
0.091006
0.090739
0.090474
0.090212
0.089951
0.089693
0.089437
0.089183
0.088932
0.088682
0.088435
0.088189
0.087946
0.087705
0.087466
0.087229
0.086993
0.08676
0.086529
0.0863
0.086072
0.085847
0.085623
0.085402
0.085182
0.084964
0.084748
0.084534
0.084322
0.084111
0.083902
0.083695
0.08349
0.083286
0.083084
0.082884
0.082686
0.082489
0.082294
0.082101
0.081909
0.081719
0.08153
0.081343
0.081158
0.080974
0.080792
0.080611
0.080432
0.080254
0.080078
0.079904
0.079731
0.079559
0.079389
0.07922
0.079053
0.078887
0.078723
0.07856
0.078398
0.078238
0.078079
0.077921
0.077765
0.07761
0.077457
0.077304
0.077153
0.077004
0.076855
0.06
