0.06
0.30221
0.5396
0.77225
1.0002
1.2236
1.4424
1.6567
1.8667
2.0723
2.2736
2.4708
2.6638
2.8527
3.0376
3.2185
3.3956
3.5688
3.7382
3.9039
4.066
4.2244
4.3793
4.5307
4.6787
4.8233
4.9645
5.1024
5.2372
5.3687
5.4971
5.6225
5.7448
5.8641
5.9805
6.094
6.2046
6.3124
6.4175
6.5199
6.6196
6.7167
6.8112
6.9032
6.9927
7.0797
7.1643
7.2465
7.3264
7.4039
7.4792
7.5523
7.6232
7.692
7.7586
7.8231
7.8856
7.9461
8.0046
8.0612
8.1159
8.1686
8.2195
8.2687
8.316
8.3615
8.4054
8.4475
8.488
8.5269
8.5641
8.5998
8.6339
8.6665
8.6976
8.7272
8.7553
8.7821
8.8075
8.8315
8.8541
8.8754
8.8955
8.9142
8.9317
8.948
8.9631
8.977
8.9898
9.0014
9.0119
9.0213
9.0296
9.0369
9.0431
9.0484
9.0526
9.0559
9.0582
9.0595
9.06
9.0596
9.0582
9.056
9.053
9.0491
9.0526
9.0559
9.0582
9.0595
9.06
9.0596
9.0582
9.056
9.053
9.0491
9.0526
9.0559
9.0582
9.0595
9.06
9.0596
9.0582
9.056
9.053
9.0491
9.0526
9.0559
9.0582
9.0595
9.06
9.0596
9.0582
9.056
9.053
9.0491
9.0526
9.0559
9.0582
9.0595
9.06
9.0596
9.0582
9.056
9.053
9.0491
9.0526
9.0559
9.0582
9.0595
9.06
9.0596
9.0582
9.056
9.053
9.0491
9.0526
9.0559
9.0582
9.0595
9.06
9.0596
9.0582
9.056
9.053
9.0491
9.0526
9.0559
9.0582
9.0595
9.06
9.0596
9.0582
9.056
9.053
9.0491
9.0526
9.0559
9.0582
9.0595
9.06
9.0596
9.0582
9.056
9.053
9.0491
9.0526
9.0559
9.0582
9.0595
9.06
9.0596
9.0582
9.056
9.053
9.0491
9.0526
9.0559
9.0582
9.0595
9.06
9.0596
9.0582
9.056
9.053
9.0491
9.0526
9.0559
9.0582
9.0595
9.06
9.0596
9.0582
9.056
9.053
9.0491
9.0526
9.0559
9.0582
9.0595
9.06
9.0596
9.0582
9.056
9.053
9.0491
9.0526
9.0559
9.0582
9.0595
9.06
9.0596
9.0582
9.056
9.053
9.0491
9.0526
9.0559
9.0582
9.0595
9.06
9.0596
9.0582
9.056
9.053
9.0491
9.0526
9.0559
9.0582
9.0595
9.06
9.0596
9.0582
9.056
9.053
9.0491
9.0526
9.0559
9.0582
9.0595
9.06
9.0596
9.0582
9.056
9.053
9.0491
9.0526
9.0559
9.0582
9.0595
9.06
9.0596
9.0582
9.056
9.053
9.0491
9.0526
9.0559
9.0582
9.0595
9.06
9.0596
9.0582
9.056
9.053
9.0491
9.0526
9.0559
9.0582
9.0595
9.06
9.0596
9.0582
9.056
9.053
9.0491
9.0444
9.039
9.0327
9.0257
9.0179
9.0094
9.0002
8.9902
8.9796
8.9683
8.9564
8.9438
8.9306
8.9167
8.9023
8.8873
8.8717
8.8555
8.8388
8.8215
8.8037
8.7854
8.7666
8.7473
8.7276
8.7073
8.6867
8.6655
8.644
8.622
8.5996
8.5768
8.5536
8.53
8.506
8.4817
8.4571
8.4321
8.4067
8.381
8.3551
8.3288
8.3022
8.2753
8.2482
8.2207
8.193
8.1651
8.1369
8.1084
8.0798
8.0509
8.0218
7.9924
7.9629
7.9332
7.9032
7.8731
7.8428
7.8124
7.7818
7.751
7.72
7.689
7.6578
7.6264
7.5949
7.5633
7.5316
7.4998
7.4678
7.4358
7.4037
7.3714
7.3391
7.3067
7.2743
7.2417
7.2091
7.1765
7.1437
7.111
7.0781
7.0453
7.0123
6.9794
6.9464
6.9134
6.8804
6.8473
6.8142
6.7811
6.748
6.7149
6.6818
6.6487
6.6156
6.5825
6.5494
6.5164
6.4833
6.4502
6.4172
6.3842
6.3513
6.3183
6.2854
6.2525
6.2197
6.1869
6.1542
6.1215
6.0888
6.0562
6.0236
5.9911
5.9587
5.9263
5.894
5.8617
5.8295
5.7974
5.7653
5.7333
5.7014
5.6696
5.6378
5.6061
5.5745
5.5429
5.5115
5.4801
5.4488
5.4176
5.3865
5.3555
5.3245
5.2937
5.2629
5.2323
5.2017
5.1712
5.1409
5.1106
5.0804
5.0504
5.0204
4.9905
4.9608
4.9311
4.9015
4.8721
4.8427
4.8135
4.7844
4.7554
4.7265
4.6977
4.669
4.6404
4.6119
4.5836
4.5553
4.5272
4.4992
4.4713
4.4435
4.4159
4.3883
4.3609
4.3336
4.3064
4.2793
4.2524
4.2255
4.1988
4.1722
4.1457
4.1194
4.0931
4.067
4.041
4.0151
3.9894
3.9637
3.9382
3.9128
3.8876
3.8624
3.8374
3.8125
3.7877
3.763
3.7385
3.7141
3.6898
3.6656
3.6415
3.6176
3.5938
3.5701
3.5465
3.5231
3.4997
3.4765
3.4535
3.4305
3.4076
3.3849
3.3623
3.3398
3.3175
3.2952
3.2731
3.2511
3.2293
3.2075
3.1859
3.1643
3.1429
3.1216
3.1005
3.0794
3.0585
3.0377
3.017
2.9964
2.976
2.9556
2.9354
2.9153
2.8953
2.8754
2.8556
2.836
2.8164
2.797
2.7777
2.7585
2.7394
2.7204
2.7016
2.6828
2.6642
2.6457
2.6273
2.609
2.5908
2.5727
2.5547
2.5368
2.5191
2.5014
2.4839
2.4665
2.4491
2.4319
2.4148
2.3978
2.3809
2.3641
2.3474
2.3308
2.3143
2.2979
2.2817
2.2655
2.2494
2.2334
2.2176
2.2018
2.1861
2.1706
2.1551
2.1397
2.1244
2.1093
2.0942
2.0792
2.0643
2.0495
2.0348
2.0202
2.0057
1.9913
1.977
1.9628
1.9487
1.9346
1.9207
1.9068
1.8931
1.8794
1.8658
1.8523
1.8389
1.8256
1.8124
1.7993
1.7862
1.7733
1.7604
1.7476
1.7349
1.7223
1.7098
1.6973
1.685
1.6727
1.6605
1.6484
1.6364
1.6245
1.6126
1.6008
1.5891
1.5775
1.566
1.5545
1.5431
1.5318
1.5206
1.5094
1.4984
1.4874
1.4765
1.4656
1.4549
1.4442
1.4336
1.423
1.4125
1.4022
1.3918
1.3816
1.3714
1.3613
1.3513
1.3413
1.3314
1.3216
1.3118
1.3022
1.2925
1.283
1.2735
1.2641
1.2548
1.2455
1.2363
1.2271
1.2181
1.209
1.2001
1.1912
1.1824
1.1736
1.1649
1.1563
1.1477
1.1392
1.1308
1.1224
1.1141
1.1058
1.0976
1.0895
1.0814
1.0734
1.0654
1.0575
1.0496
1.0418
1.0341
1.0264
1.0188
1.0112
1.0037
0.99626
0.98886
0.98151
0.97422
0.96698
0.9598
0.95267
0.94559
0.93856
0.93159
0.92467
0.9178
0.91098
0.90421
0.89749
0.89082
0.8842
0.87763
0.87111
0.86464
0.85822
0.85185
0.84552
0.83924
0.83301
0.82682
0.82069
0.81459
0.80855
0.80255
0.79659
0.79068
0.78481
0.77899
0.77322
0.76748
0.76179
0.75615
0.75054
0.74498
0.73946
0.73399
0.72855
0.72316
0.7178
0.71249
0.70722
0.70199
0.6968
0.69165
0.68654
0.68146
0.67643
0.67143
0.66648
0.66156
0.65668
0.65184
0.64703
0.64226
0.63753
0.63283
0.62817
0.62355
0.61896
0.61441
0.6099
0.60541
0.60097
0.59655
0.59218
0.58783
0.58352
0.57924
0.575
0.57079
0.56661
0.56247
0.55835
0.55427
0.55022
0.54621
0.54222
0.53827
0.53434
0.53045
0.52659
0.52276
0.51895
0.51518
0.51144
0.50773
0.50404
0.50039
0.49676
0.49316
0.48959
0.48605
0.48254
0.47905
0.47559
0.47216
0.46876
0.46538
0.46203
0.45871
0.45541
0.45214
0.4489
0.44568
0.44248
0.43932
0.43617
0.43306
0.42996
0.42689
0.42385
0.42083
0.41783
0.41486
0.41191
0.40899
0.40609
0.40321
0.40035
0.39752
0.39471
0.39192
0.38916
0.38642
0.3837
0.381
0.37832
0.37566
0.37303
0.37042
0.36782
0.36525
0.3627
0.36017
0.35766
0.35517
0.3527
0.35025
0.34782
0.34541
0.34302
0.34065
0.3383
0.33597
0.33365
0.33136
0.32908
0.32682
0.32458
0.32236
0.32016
0.31797
0.3158
0.31365
0.31152
0.3094
0.3073
0.30522
0.30316
0.30111
0.29908
0.29706
0.29506
0.29308
0.29112
0.28917
0.28723
0.28531
0.28341
0.28152
0.27965
0.2778
0.27596
0.27413
0.27232
0.27052
0.26874
0.26698
0.26522
0.26349
0.26176
0.26005
0.25836
0.25668
0.25501
0.25335
0.25171
0.25009
0.24847
0.24687
0.24529
0.24371
0.24215
0.2406
0.23907
0.23755
0.23604
0.23454
0.23305
0.23158
0.23012
0.22867
0.22723
0.22581
0.2244
0.223
0.22161
0.22023
0.21886
0.21751
0.21616
0.21483
0.21351
0.2122
0.2109
0.20961
0.20833
0.20706
0.2058
0.20456
0.20332
0.20209
0.20088
0.19967
0.19848
0.19729
0.19611
0.19495
0.19379
0.19264
0.19151
0.19038
0.18926
0.18815
0.18705
0.18596
0.18488
0.18381
0.18275
0.18169
0.18065
0.17961
0.17858
0.17756
0.17655
0.17555
0.17455
0.17357
0.17259
0.17162
0.17066
0.16971
0.16876
0.16782
0.1669
0.16597
0.16506
0.16415
0.16326
0.16237
0.16148
0.16061
0.15974
0.15888
0.15802
0.15718
0.15634
0.1555
0.15468
0.15386
0.15305
0.15224
0.15145
0.15066
0.14987
0.14909
0.14832
0.14756
0.1468
0.14605
0.1453
0.14456
0.14383
0.1431
0.14238
0.14167
0.14096
0.14026
0.13956
0.13887
0.13819
0.13751
0.13684
0.13617
0.13551
0.13485
0.1342
0.13356
0.13292
0.13228
0.13165
0.13103
0.13041
0.1298
0.12919
0.12859
0.12799
0.1274
0.12681
0.12623
0.12566
0.12508
0.12452
0.12395
0.1234
0.12284
0.1223
0.12175
0.12121
0.12068
0.06
