0.06
0.28875
0.51296
0.73268
0.94798
1.1589
1.3656
1.568
1.7663
1.9605
2.1507
2.3368
2.5191
2.6975
2.8722
3.043
3.2103
3.3738
3.5339
3.6904
3.8434
3.9931
4.1394
4.2823
4.4221
4.5586
4.692
4.8223
4.9496
5.0738
5.1951
5.3134
5.4289
5.5416
5.6515
5.7587
5.8632
5.9651
6.0643
6.161
6.2552
6.3469
6.4362
6.523
6.6075
6.6897
6.7696
6.8472
6.9227
6.9959
7.0671
7.1361
7.203
7.268
7.3309
7.3919
7.4509
7.508
7.5633
7.6167
7.6683
7.7181
7.7662
7.8126
7.8573
7.9003
7.9418
7.9816
8.0198
8.0565
8.0917
8.1253
8.1576
8.1883
8.2177
8.2457
8.2723
8.2975
8.3215
8.3441
8.3655
8.3857
8.4046
8.4223
8.4389
8.4543
8.4685
8.4816
8.4937
8.5046
8.5146
8.5234
8.5313
8.5382
8.5441
8.549
8.553
8.5561
8.5583
8.5596
8.56
8.5596
8.5583
8.5563
8.5534
8.5497
8.553
8.5561
8.5583
8.5596
8.56
8.5596
8.5583
8.5563
8.5534
8.5497
8.553
8.5561
8.5583
8.5596
8.56
8.5596
8.5583
8.5563
8.5534
8.5497
8.553
8.5561
8.5583
8.5596
8.56
8.5596
8.5583
8.5563
8.5534
8.5497
8.553
8.5561
8.5583
8.5596
8.56
8.5596
8.5583
8.5563
8.5534
8.5497
8.553
8.5561
8.5583
8.5596
8.56
8.5596
8.5583
8.5563
8.5534
8.5497
8.553
8.5561
8.5583
8.5596
8.56
8.5596
8.5583
8.5563
8.5534
8.5497
8.553
8.5561
8.5583
8.5596
8.56
8.5596
8.5583
8.5563
8.5534
8.5497
8.553
8.5561
8.5583
8.5596
8.56
8.5596
8.5583
8.5563
8.5534
8.5497
8.553
8.5561
8.5583
8.5596
8.56
8.5596
8.5583
8.5563
8.5534
8.5497
8.553
8.5561
8.5583
8.5596
8.56
8.5596
8.5583
8.5563
8.5534
8.5497
8.553
8.5561
8.5583
8.5596
8.56
8.5596
8.5583
8.5563
8.5534
8.5497
8.553
8.5561
8.5583
8.5596
8.56
8.5596
8.5583
8.5563
8.5534
8.5497
8.553
8.5561
8.5583
8.5596
8.56
8.5596
8.5583
8.5563
8.5534
8.5497
8.553
8.5561
8.5583
8.5596
8.56
8.5596
8.5583
8.5563
8.5534
8.5497
8.553
8.5561
8.5583
8.5596
8.56
8.5596
8.5583
8.5563
8.5534
8.5497
8.553
8.5561
8.5583
8.5596
8.56
8.5596
8.5583
8.5563
8.5534
8.5497
8.553
8.5561
8.5583
8.5596
8.56
8.5596
8.5583
8.5563
8.5534
8.5497
8.553
8.5561
8.5583
8.5596
8.56
8.5596
8.5583
8.5563
8.5534
8.5497
8.553
8.5561
8.5583
8.5596
8.56
8.5596
8.5583
8.5563
8.5534
8.5497
8.5453
8.5401
8.5342
8.5276
8.5202
8.5122
8.5035
8.4941
8.4841
8.4734
8.4621
8.4502
8.4378
8.4247
8.4111
8.3969
8.3821
8.3668
8.3511
8.3348
8.318
8.3007
8.2829
8.2647
8.246
8.2269
8.2074
8.1874
8.1671
8.1463
8.1251
8.1036
8.0817
8.0594
8.0368
8.0138
7.9906
7.9669
7.943
7.9188
7.8942
7.8694
7.8443
7.8189
7.7933
7.7674
7.7412
7.7148
7.6882
7.6613
7.6342
7.6069
7.5794
7.5517
7.5238
7.4958
7.4675
7.4391
7.4105
7.3817
7.3528
7.3237
7.2945
7.2651
7.2357
7.206
7.1763
7.1465
7.1165
7.0865
7.0563
7.026
6.9957
6.9652
6.9347
6.9041
6.8735
6.8427
6.812
6.7811
6.7502
6.7192
6.6882
6.6572
6.6261
6.595
6.5638
6.5327
6.5015
6.4702
6.439
6.4077
6.3765
6.3452
6.314
6.2827
6.2514
6.2202
6.1889
6.1577
6.1264
6.0952
6.064
6.0329
6.0017
5.9706
5.9396
5.9085
5.8775
5.8465
5.8156
5.7847
5.7539
5.7231
5.6923
5.6616
5.631
5.6004
5.5699
5.5394
5.509
5.4786
5.4484
5.4181
5.388
5.3579
5.3279
5.298
5.2681
5.2383
5.2086
5.179
5.1494
5.12
5.0906
5.0613
5.0321
5.0029
4.9739
4.9449
4.9161
4.8873
4.8586
4.83
4.8015
4.7731
4.7448
4.7166
4.6885
4.6605
4.6326
4.6047
4.577
4.5494
4.5219
4.4945
4.4672
4.44
4.4129
4.3859
4.359
4.3323
4.3056
4.279
4.2526
4.2262
4.2
4.1739
4.1479
4.122
4.0962
4.0705
4.0449
4.0195
3.9941
3.9689
3.9438
3.9187
3.8939
3.8691
3.8444
3.8198
3.7954
3.7711
3.7469
3.7228
3.6988
3.6749
3.6512
3.6275
3.604
3.5806
3.5573
3.5341
3.511
3.4881
3.4653
3.4425
3.4199
3.3975
3.3751
3.3528
3.3307
3.3086
3.2867
3.2649
3.2432
3.2217
3.2002
3.1789
3.1576
3.1365
3.1155
3.0946
3.0738
3.0532
3.0326
3.0122
2.9919
2.9717
2.9516
2.9316
2.9117
2.8919
2.8723
2.8527
2.8333
2.814
2.7947
2.7756
2.7566
2.7378
2.719
2.7003
2.6817
2.6633
2.645
2.6267
2.6086
2.5906
2.5726
2.5548
2.5371
2.5195
2.502
2.4846
2.4674
2.4502
2.4331
2.4161
2.3992
2.3825
2.3658
2.3492
2.3328
2.3164
2.3001
2.284
2.2679
2.252
2.2361
2.2203
2.2047
2.1891
2.1736
2.1582
2.143
2.1278
2.1127
2.0977
2.0828
2.068
2.0533
2.0387
2.0242
2.0097
1.9954
1.9812
1.967
1.953
1.939
1.9251
1.9113
1.8976
1.884
1.8705
1.8571
1.8437
1.8305
1.8173
1.8042
1.7912
1.7783
1.7655
1.7528
1.7401
1.7275
1.7151
1.7027
1.6903
1.6781
1.6659
1.6539
1.6419
1.63
1.6181
1.6064
1.5947
1.5831
1.5716
1.5602
1.5488
1.5375
1.5263
1.5152
1.5042
1.4932
1.4823
1.4715
1.4607
1.45
1.4394
1.4289
1.4185
1.4081
1.3978
1.3875
1.3774
1.3673
1.3572
1.3473
1.3374
1.3276
1.3178
1.3082
1.2985
1.289
1.2795
1.2701
1.2608
1.2515
1.2423
1.2331
1.2241
1.215
1.2061
1.1972
1.1884
1.1796
1.1709
1.1623
1.1537
1.1452
1.1367
1.1284
1.12
1.1118
1.1035
1.0954
1.0873
1.0793
1.0713
1.0634
1.0555
1.0477
1.04
1.0323
1.0246
1.0171
1.0095
1.0021
0.99465
0.98729
0.97998
0.97273
0.96553
0.95838
0.95129
0.94425
0.93726
0.93032
0.92343
0.9166
0.90981
0.90308
0.89639
0.88975
0.88317
0.87663
0.87014
0.8637
0.85731
0.85096
0.84467
0.83841
0.83221
0.82605
0.81994
0.81388
0.80786
0.80188
0.79595
0.79006
0.78422
0.77843
0.77267
0.76696
0.76129
0.75567
0.75009
0.74455
0.73905
0.73359
0.72818
0.7228
0.71747
0.71218
0.70693
0.70171
0.69654
0.69141
0.68631
0.68126
0.67624
0.67126
0.66632
0.66142
0.65656
0.65173
0.64694
0.64218
0.63747
0.63278
0.62814
0.62353
0.61896
0.61442
0.60991
0.60544
0.60101
0.59661
0.59224
0.58791
0.58361
0.57935
0.57511
0.57091
0.56675
0.56261
0.55851
0.55444
0.5504
0.54639
0.54241
0.53847
0.53455
0.53067
0.52681
0.52299
0.5192
0.51543
0.5117
0.50799
0.50431
0.50067
0.49705
0.49346
0.48989
0.48636
0.48285
0.47937
0.47592
0.4725
0.4691
0.46573
0.46238
0.45906
0.45577
0.45251
0.44927
0.44605
0.44286
0.4397
0.43656
0.43345
0.43036
0.42729
0.42425
0.42124
0.41824
0.41527
0.41233
0.40941
0.40651
0.40364
0.40078
0.39795
0.39515
0.39236
0.3896
0.38686
0.38414
0.38144
0.37877
0.37612
0.37348
0.37087
0.36828
0.36571
0.36316
0.36064
0.35813
0.35564
0.35317
0.35072
0.34829
0.34589
0.3435
0.34113
0.33877
0.33644
0.33413
0.33183
0.32956
0.3273
0.32506
0.32284
0.32064
0.31845
0.31628
0.31413
0.312
0.30988
0.30778
0.3057
0.30364
0.30159
0.29956
0.29754
0.29554
0.29356
0.2916
0.28965
0.28771
0.28579
0.28389
0.282
0.28013
0.27828
0.27643
0.27461
0.2728
0.271
0.26922
0.26745
0.2657
0.26396
0.26223
0.26052
0.25883
0.25715
0.25548
0.25382
0.25218
0.25055
0.24894
0.24734
0.24575
0.24417
0.24261
0.24106
0.23953
0.238
0.23649
0.23499
0.23351
0.23203
0.23057
0.22912
0.22768
0.22626
0.22484
0.22344
0.22205
0.22067
0.2193
0.21794
0.2166
0.21526
0.21394
0.21263
0.21133
0.21004
0.20876
0.20749
0.20623
0.20498
0.20374
0.20251
0.20129
0.20009
0.19889
0.1977
0.19652
0.19536
0.1942
0.19305
0.19191
0.19078
0.18966
0.18855
0.18745
0.18636
0.18528
0.1842
0.18314
0.18208
0.18103
0.17999
0.17896
0.17794
0.17693
0.17593
0.17493
0.17394
0.17296
0.17199
0.17103
0.17007
0.16913
0.16819
0.16726
0.16634
0.16542
0.16451
0.16361
0.16272
0.16183
0.16096
0.16009
0.15922
0.15837
0.15752
0.15668
0.15584
0.15502
0.1542
0.15338
0.15258
0.15178
0.15098
0.1502
0.14942
0.14865
0.14788
0.14712
0.14637
0.14562
0.14488
0.14414
0.14342
0.14269
0.14198
0.14127
0.14056
0.13987
0.13917
0.13849
0.13781
0.13713
0.13646
0.1358
0.13514
0.13449
0.13384
0.1332
0.13257
0.13194
0.13131
0.13069
0.13008
0.12947
0.12887
0.12827
0.12767
0.12708
0.1265
0.12592
0.12535
0.12478
0.12422
0.12366
0.1231
0.12255
0.12201
0.12147
0.12093
0.1204
0.11987
0.11935
0.11883
0.11832
0.11781
0.11731
0.06
