0.06
0.14074
0.21987
0.29742
0.3734
0.44786
0.5208
0.59225
0.66223
0.73077
0.79788
0.86359
0.92792
0.9909
1.0525
1.1128
1.1719
1.2296
1.2861
1.3413
1.3953
1.4481
1.4998
1.5502
1.5996
1.6478
1.6948
1.7408
1.7857
1.8296
1.8724
1.9142
1.9549
1.9947
2.0335
2.0713
2.1082
2.1441
2.1792
2.2133
2.2465
2.2789
2.3104
2.3411
2.3709
2.3999
2.4281
2.4555
2.4821
2.508
2.5331
2.5574
2.5811
2.604
2.6262
2.6477
2.6685
2.6887
2.7082
2.7271
2.7453
2.7629
2.7798
2.7962
2.812
2.8272
2.8418
2.8558
2.8693
2.8823
2.8947
2.9066
2.918
2.9288
2.9392
2.9491
2.9584
2.9674
2.9758
2.9838
2.9914
2.9985
3.0052
3.0114
3.0172
3.0227
3.0277
3.0323
3.0366
3.0405
3.044
3.0471
3.0499
3.0523
3.0544
3.0561
3.0575
3.0586
3.0594
3.0598
3.06
3.0599
3.0594
3.0587
3.0577
3.0564
3.0575
3.0586
3.0594
3.0598
3.06
3.0599
3.0594
3.0587
3.0577
3.0564
3.0575
3.0586
3.0594
3.0598
3.06
3.0599
3.0594
3.0587
3.0577
3.0564
3.0575
3.0586
3.0594
3.0598
3.06
3.0599
3.0594
3.0587
3.0577
3.0564
3.0575
3.0586
3.0594
3.0598
3.06
3.0599
3.0594
3.0587
3.0577
3.0564
3.0575
3.0586
3.0594
3.0598
3.06
3.0599
3.0594
3.0587
3.0577
3.0564
3.0575
3.0586
3.0594
3.0598
3.06
3.0599
3.0594
3.0587
3.0577
3.0564
3.0575
3.0586
3.0594
3.0598
3.06
3.0599
3.0594
3.0587
3.0577
3.0564
3.0575
3.0586
3.0594
3.0598
3.06
3.0599
3.0594
3.0587
3.0577
3.0564
3.0575
3.0586
3.0594
3.0598
3.06
3.0599
3.0594
3.0587
3.0577
3.0564
3.0575
3.0586
3.0594
3.0598
3.06
3.0599
3.0594
3.0587
3.0577
3.0564
3.0575
3.0586
3.0594
3.0598
3.06
3.0599
3.0594
3.0587
3.0577
3.0564
3.0575
3.0586
3.0594
3.0598
3.06
3.0599
3.0594
3.0587
3.0577
3.0564
3.0575
3.0586
3.0594
3.0598
3.06
3.0599
3.0594
3.0587
3.0577
3.0564
3.0575
3.0586
3.0594
3.0598
3.06
3.0599
3.0594
3.0587
3.0577
3.0564
3.0575
3.0586
3.0594
3.0598
3.06
3.0599
3.0594
3.0587
3.0577
3.0564
3.0575
3.0586
3.0594
3.0598
3.06
3.0599
3.0594
3.0587
3.0577
3.0564
3.0575
3.0586
3.0594
3.0598
3.06
3.0599
3.0594
3.0587
3.0577
3.0564
3.0575
3.0586
3.0594
3.0598
3.06
3.0599
3.0594
3.0587
3.0577
3.0564
3.0575
3.0586
3.0594
3.0598
3.06
3.0599
3.0594
3.0587
3.0577
3.0564
3.0548
3.053
3.0509
3.0486
3.046
3.0431
3.0401
3.0367
3.0332
3.0294
3.0255
3.0213
3.0169
3.0122
3.0074
3.0024
2.9972
2.9918
2.9863
2.9805
2.9746
2.9685
2.9622
2.9558
2.9492
2.9424
2.9356
2.9285
2.9213
2.914
2.9065
2.8989
2.8912
2.8833
2.8753
2.8672
2.859
2.8507
2.8422
2.8337
2.825
2.8163
2.8074
2.7984
2.7894
2.7802
2.771
2.7617
2.7523
2.7428
2.7333
2.7236
2.7139
2.7041
2.6943
2.6844
2.6744
2.6644
2.6543
2.6441
2.6339
2.6237
2.6133
2.603
2.5926
2.5821
2.5716
2.5611
2.5505
2.5399
2.5293
2.5186
2.5079
2.4971
2.4864
2.4756
2.4648
2.4539
2.443
2.4322
2.4212
2.4103
2.3994
2.3884
2.3774
2.3665
2.3555
2.3445
2.3335
2.3224
2.3114
2.3004
2.2893
2.2783
2.2673
2.2562
2.2452
2.2342
2.2231
2.2121
2.2011
2.1901
2.1791
2.1681
2.1571
2.1461
2.1351
2.1242
2.1132
2.1023
2.0914
2.0805
2.0696
2.0587
2.0479
2.037
2.0262
2.0154
2.0047
1.9939
1.9832
1.9725
1.9618
1.9511
1.9405
1.9299
1.9193
1.9087
1.8982
1.8876
1.8772
1.8667
1.8563
1.8459
1.8355
1.8252
1.8148
1.8046
1.7943
1.7841
1.7739
1.7637
1.7536
1.7435
1.7335
1.7235
1.7135
1.7035
1.6936
1.6837
1.6738
1.664
1.6542
1.6445
1.6348
1.6251
1.6155
1.6059
1.5963
1.5868
1.5773
1.5679
1.5584
1.5491
1.5397
1.5304
1.5212
1.512
1.5028
1.4936
1.4845
1.4755
1.4664
1.4575
1.4485
1.4396
1.4307
1.4219
1.4131
1.4044
1.3957
1.387
1.3784
1.3698
1.3612
1.3527
1.3443
1.3359
1.3275
1.3191
1.3108
1.3026
1.2943
1.2862
1.278
1.2699
1.2619
1.2538
1.2459
1.2379
1.23
1.2222
1.2144
1.2066
1.1988
1.1912
1.1835
1.1759
1.1683
1.1608
1.1533
1.1458
1.1384
1.131
1.1237
1.1164
1.1092
1.102
1.0948
1.0876
1.0805
1.0735
1.0665
1.0595
1.0526
1.0457
1.0388
1.032
1.0252
1.0185
1.0118
1.0051
0.99846
0.99187
0.98532
0.97881
0.97234
0.9659
0.9595
0.95314
0.94681
0.94053
0.93428
0.92807
0.92189
0.91575
0.90965
0.90359
0.89756
0.89157
0.88561
0.8797
0.87381
0.86797
0.86215
0.85638
0.85064
0.84493
0.83927
0.83363
0.82803
0.82247
0.81694
0.81144
0.80598
0.80055
0.79516
0.7898
0.78448
0.77919
0.77393
0.76871
0.76352
0.75836
0.75323
0.74814
0.74308
0.73806
0.73306
0.7281
0.72317
0.71827
0.71341
0.70857
0.70377
0.699
0.69426
0.68955
0.68487
0.68023
0.67561
0.67102
0.66647
0.66194
0.65744
0.65298
0.64854
0.64414
0.63976
0.63541
0.63109
0.6268
0.62254
0.61831
0.61411
0.60993
0.60578
0.60166
0.59757
0.59351
0.58947
0.58547
0.58148
0.57753
0.5736
0.5697
0.56583
0.56198
0.55816
0.55437
0.5506
0.54686
0.54315
0.53946
0.53579
0.53215
0.52854
0.52495
0.52139
0.51785
0.51434
0.51085
0.50738
0.50394
0.50053
0.49714
0.49377
0.49042
0.4871
0.4838
0.48053
0.47728
0.47405
0.47085
0.46766
0.46451
0.46137
0.45825
0.45516
0.45209
0.44904
0.44602
0.44301
0.44003
0.43707
0.43413
0.43121
0.42831
0.42543
0.42258
0.41974
0.41693
0.41413
0.41136
0.4086
0.40587
0.40315
0.40046
0.39778
0.39513
0.39249
0.38988
0.38728
0.3847
0.38214
0.3796
0.37708
0.37457
0.37209
0.36962
0.36717
0.36474
0.36233
0.35993
0.35756
0.3552
0.35285
0.35053
0.34822
0.34593
0.34366
0.3414
0.33916
0.33694
0.33473
0.33254
0.33037
0.32821
0.32607
0.32395
0.32184
0.31975
0.31767
0.31561
0.31356
0.31153
0.30952
0.30752
0.30553
0.30356
0.3016
0.29966
0.29774
0.29583
0.29393
0.29205
0.29018
0.28833
0.28649
0.28466
0.28285
0.28105
0.27927
0.2775
0.27574
0.274
0.27227
0.27055
0.26885
0.26715
0.26548
0.26381
0.26216
0.26052
0.25889
0.25728
0.25568
0.25409
0.25251
0.25094
0.24939
0.24785
0.24632
0.2448
0.2433
0.2418
0.24032
0.23885
0.23739
0.23594
0.23451
0.23308
0.23167
0.23026
0.22887
0.22749
0.22612
0.22476
0.22341
0.22207
0.22074
0.21942
0.21811
0.21682
0.21553
0.21425
0.21298
0.21173
0.21048
0.20924
0.20801
0.2068
0.20559
0.20439
0.2032
0.20202
0.20085
0.19968
0.19853
0.19739
0.19625
0.19513
0.19401
0.1929
0.1918
0.19071
0.18963
0.18856
0.18749
0.18644
0.18539
0.18435
0.18332
0.1823
0.18128
0.18028
0.17928
0.17829
0.1773
0.17633
0.17536
0.1744
0.17345
0.17251
0.17157
0.17064
0.16972
0.16881
0.1679
0.167
0.16611
0.16522
0.16434
0.16347
0.16261
0.16175
0.1609
0.16006
0.15922
0.15839
0.15757
0.15675
0.15594
0.15514
0.15434
0.15355
0.15277
0.15199
0.15122
0.15045
0.14969
0.14894
0.14819
0.14745
0.14672
0.14599
0.14527
0.14455
0.14384
0.14313
0.14243
0.14174
0.14105
0.14037
0.13969
0.13902
0.13835
0.13769
0.13704
0.13639
0.13574
0.1351
0.13447
0.13384
0.13322
0.1326
0.13199
0.13138
0.13077
0.13017
0.12958
0.12899
0.12841
0.12783
0.12725
0.12668
0.12612
0.12556
0.125
0.12445
0.1239
0.12336
0.12282
0.12229
0.12176
0.12124
0.12072
0.1202
0.11969
0.11918
0.11868
0.11818
0.11768
0.11719
0.11671
0.11622
0.11574
0.11527
0.1148
0.11433
0.11387
0.11341
0.11295
0.1125
0.11205
0.11161
0.11117
0.11073
0.1103
0.10987
0.10944
0.10902
0.1086
0.10819
0.10777
0.10736
0.10696
0.10656
0.10616
0.10576
0.10537
0.10498
0.1046
0.10421
0.10384
0.10346
0.10309
0.10272
0.10235
0.10199
0.10163
0.10127
0.10092
0.10056
0.10022
0.099869
0.099527
0.099187
0.09885
0.098516
0.098184
0.097856
0.09753
0.097207
0.096887
0.096569
0.096254
0.095942
0.095632
0.095325
0.09502
0.094718
0.094419
0.094122
0.093827
0.093535
0.093246
0.092959
0.092674
0.092392
0.092112
0.091835
0.09156
0.091287
0.091016
0.090748
0.090482
0.090219
0.089957
0.089698
0.089441
0.089186
0.088933
0.088683
0.088434
0.088188
0.087943
0.087701
0.087461
0.087223
0.086987
0.086753
0.086521
0.086291
0.086062
0.085836
0.085612
0.085389
0.085169
0.08495
0.084733
0.084518
0.084305
0.084094
0.083885
0.083677
0.083471
0.083267
0.083064
0.082863
0.082664
0.082467
0.082271
0.082077
0.081885
0.081694
0.081505
0.081318
0.081132
0.080948
0.080765
0.080584
0.080405
0.080227
0.06
