0.06
0.15419
0.24651
0.33698
0.42564
0.5125
0.5976
0.68095
0.7626
0.84256
0.92086
0.99752
1.0726
1.146
1.2179
1.2883
1.3572
1.4245
1.4904
1.5549
1.6179
1.6795
1.7397
1.7986
1.8562
1.9124
1.9673
2.021
2.0733
2.1245
2.1744
2.2232
2.2707
2.3171
2.3624
2.4065
2.4496
2.4915
2.5324
2.5722
2.611
2.6487
2.6855
2.7212
2.756
2.7899
2.8228
2.8547
2.8858
2.916
2.9453
2.9737
3.0013
3.028
3.0539
3.079
3.1033
3.1268
3.1496
3.1716
3.1928
3.2134
3.2332
3.2523
3.2707
3.2884
3.3054
3.3218
3.3376
3.3527
3.3672
3.381
3.3943
3.407
3.419
3.4306
3.4415
3.4519
3.4618
3.4711
3.4799
3.4882
3.496
3.5033
3.5101
3.5165
3.5223
3.5277
3.5327
3.5372
3.5413
3.5449
3.5482
3.551
3.5534
3.5555
3.5571
3.5584
3.5593
3.5598
3.56
3.5598
3.5593
3.5585
3.5573
3.5558
3.5571
3.5584
3.5593
3.5598
3.56
3.5598
3.5593
3.5585
3.5573
3.5558
3.5571
3.5584
3.5593
3.5598
3.56
3.5598
3.5593
3.5585
3.5573
3.5558
3.5571
3.5584
3.5593
3.5598
3.56
3.5598
3.5593
3.5585
3.5573
3.5558
3.5571
3.5584
3.5593
3.5598
3.56
3.5598
3.5593
3.5585
3.5573
3.5558
3.5571
3.5584
3.5593
3.5598
3.56
3.5598
3.5593
3.5585
3.5573
3.5558
3.5571
3.5584
3.5593
3.5598
3.56
3.5598
3.5593
3.5585
3.5573
3.5558
3.5571
3.5584
3.5593
3.5598
3.56
3.5598
3.5593
3.5585
3.5573
3.5558
3.5571
3.5584
3.5593
3.5598
3.56
3.5598
3.5593
3.5585
3.5573
3.5558
3.5571
3.5584
3.5593
3.5598
3.56
3.5598
3.5593
3.5585
3.5573
3.5558
3.5571
3.5584
3.5593
3.5598
3.56
3.5598
3.5593
3.5585
3.5573
3.5558
3.5571
3.5584
3.5593
3.5598
3.56
3.5598
3.5593
3.5585
3.5573
3.5558
3.5571
3.5584
3.5593
3.5598
3.56
3.5598
3.5593
3.5585
3.5573
3.5558
3.5571
3.5584
3.5593
3.5598
3.56
3.5598
3.5593
3.5585
3.5573
3.5558
3.5571
3.5584
3.5593
3.5598
3.56
3.5598
3.5593
3.5585
3.5573
3.5558
3.5571
3.5584
3.5593
3.5598
3.56
3.5598
3.5593
3.5585
3.5573
3.5558
3.5571
3.5584
3.5593
3.5598
3.56
3.5598
3.5593
3.5585
3.5573
3.5558
3.5571
3.5584
3.5593
3.5598
3.56
3.5598
3.5593
3.5585
3.5573
3.5558
3.5571
3.5584
3.5593
3.5598
3.56
3.5598
3.5593
3.5585
3.5573
3.5558
3.5571
3.5584
3.5593
3.5598
3.56
3.5598
3.5593
3.5585
3.5573
3.5558
3.5539
3.5518
3.5494
3.5466
3.5436
3.5403
3.5367
3.5329
3.5287
3.5243
3.5197
3.5148
3.5097
3.5043
3.4987
3.4928
3.4868
3.4805
3.474
3.4673
3.4603
3.4532
3.4459
3.4384
3.4307
3.4229
3.4148
3.4066
3.3982
3.3897
3.3809
3.3721
3.3631
3.3539
3.3446
3.3351
3.3255
3.3158
3.3059
3.296
3.2859
3.2756
3.2653
3.2548
3.2443
3.2336
3.2228
3.212
3.201
3.19
3.1788
3.1676
3.1562
3.1448
3.1333
3.1218
3.1101
3.0984
3.0867
3.0748
3.0629
3.0509
3.0389
3.0268
3.0147
3.0025
2.9902
2.978
2.9656
2.9532
2.9408
2.9284
2.9159
2.9033
2.8908
2.8782
2.8655
2.8529
2.8402
2.8275
2.8148
2.802
2.7893
2.7765
2.7637
2.7509
2.738
2.7252
2.7124
2.6995
2.6866
2.6738
2.6609
2.648
2.6352
2.6223
2.6094
2.5965
2.5837
2.5708
2.5579
2.5451
2.5323
2.5194
2.5066
2.4938
2.481
2.4682
2.4554
2.4427
2.43
2.4172
2.4045
2.3919
2.3792
2.3666
2.3539
2.3413
2.3288
2.3162
2.3037
2.2912
2.2787
2.2663
2.2539
2.2415
2.2291
2.2168
2.2045
2.1923
2.18
2.1678
2.1556
2.1435
2.1314
2.1193
2.1073
2.0953
2.0834
2.0714
2.0596
2.0477
2.0359
2.0241
2.0124
2.0007
1.989
1.9774
1.9658
1.9543
1.9428
1.9314
1.92
1.9086
1.8973
1.886
1.8747
1.8635
1.8524
1.8413
1.8302
1.8192
1.8082
1.7973
1.7864
1.7755
1.7647
1.754
1.7432
1.7326
1.722
1.7114
1.7008
1.6904
1.6799
1.6695
1.6592
1.6489
1.6386
1.6284
1.6183
1.6082
1.5981
1.5881
1.5781
1.5682
1.5583
1.5485
1.5387
1.529
1.5193
1.5097
1.5001
1.4905
1.481
1.4716
1.4622
1.4528
1.4435
1.4342
1.425
1.4159
1.4067
1.3977
1.3887
1.3797
1.3707
1.3619
1.353
1.3442
1.3355
1.3268
1.3182
1.3096
1.301
1.2925
1.284
1.2756
1.2672
1.2589
1.2506
1.2424
1.2342
1.2261
1.218
1.2099
1.2019
1.194
1.1861
1.1782
1.1704
1.1626
1.1549
1.1472
1.1395
1.1319
1.1244
1.1169
1.1094
1.102
1.0946
1.0873
1.08
1.0727
1.0655
1.0584
1.0513
1.0442
1.0372
1.0302
1.0232
1.0163
1.0094
1.0026
0.99585
0.98911
0.98241
0.97576
0.96914
0.96257
0.95604
0.94954
0.94309
0.93668
0.93031
0.92398
0.91769
0.91144
0.90523
0.89905
0.89292
0.88683
0.88077
0.87475
0.86877
0.86283
0.85693
0.85107
0.84524
0.83945
0.8337
0.82799
0.82231
0.81667
0.81107
0.8055
0.79997
0.79448
0.78902
0.7836
0.77821
0.77286
0.76754
0.76226
0.75702
0.75181
0.74663
0.74149
0.73639
0.73131
0.72627
0.72127
0.7163
0.71136
0.70646
0.70158
0.69675
0.69194
0.68717
0.68243
0.67772
0.67304
0.6684
0.66379
0.6592
0.65465
0.65014
0.64565
0.64119
0.63677
0.63237
0.62801
0.62367
0.61937
0.61509
0.61085
0.60663
0.60244
0.59829
0.59416
0.59006
0.58599
0.58195
0.57793
0.57395
0.56999
0.56606
0.56216
0.55829
0.55444
0.55062
0.54683
0.54306
0.53932
0.53561
0.53192
0.52826
0.52463
0.52102
0.51744
0.51388
0.51035
0.50685
0.50337
0.49991
0.49648
0.49308
0.48969
0.48634
0.48301
0.4797
0.47641
0.47315
0.46992
0.4667
0.46351
0.46035
0.4572
0.45408
0.45098
0.44791
0.44485
0.44182
0.43882
0.43583
0.43286
0.42992
0.427
0.4241
0.42122
0.41837
0.41553
0.41272
0.40992
0.40715
0.4044
0.40166
0.39895
0.39626
0.39359
0.39094
0.3883
0.38569
0.3831
0.38052
0.37797
0.37543
0.37292
0.37042
0.36794
0.36548
0.36304
0.36061
0.35821
0.35582
0.35345
0.3511
0.34877
0.34645
0.34415
0.34187
0.33961
0.33736
0.33513
0.33292
0.33072
0.32854
0.32638
0.32424
0.32211
0.31999
0.31789
0.31581
0.31375
0.3117
0.30966
0.30764
0.30564
0.30365
0.30168
0.29972
0.29778
0.29585
0.29394
0.29204
0.29016
0.28829
0.28643
0.28459
0.28277
0.28096
0.27916
0.27737
0.2756
0.27385
0.27211
0.27038
0.26866
0.26696
0.26527
0.26359
0.26193
0.26028
0.25864
0.25702
0.2554
0.2538
0.25222
0.25064
0.24908
0.24753
0.24599
0.24447
0.24295
0.24145
0.23996
0.23848
0.23701
0.23556
0.23412
0.23268
0.23126
0.22985
0.22845
0.22706
0.22569
0.22432
0.22296
0.22162
0.22029
0.21896
0.21765
0.21635
0.21505
0.21377
0.2125
0.21124
0.20999
0.20874
0.20751
0.20629
0.20508
0.20387
0.20268
0.2015
0.20032
0.19916
0.198
0.19686
0.19572
0.19459
0.19347
0.19236
0.19126
0.19017
0.18908
0.18801
0.18694
0.18588
0.18483
0.18379
0.18276
0.18173
0.18072
0.17971
0.17871
0.17772
0.17673
0.17576
0.17479
0.17383
0.17288
0.17193
0.17099
0.17006
0.16914
0.16823
0.16732
0.16642
0.16553
0.16464
0.16376
0.16289
0.16203
0.16117
0.16032
0.15948
0.15864
0.15781
0.15699
0.15617
0.15536
0.15456
0.15376
0.15297
0.15219
0.15141
0.15064
0.14988
0.14912
0.14837
0.14762
0.14688
0.14615
0.14542
0.1447
0.14398
0.14327
0.14257
0.14187
0.14118
0.14049
0.13981
0.13913
0.13846
0.1378
0.13714
0.13648
0.13584
0.13519
0.13456
0.13392
0.1333
0.13267
0.13206
0.13144
0.13084
0.13023
0.12964
0.12905
0.12846
0.12788
0.1273
0.12673
0.12616
0.12559
0.12504
0.12448
0.12393
0.12339
0.12285
0.12231
0.12178
0.12125
0.12073
0.12021
0.1197
0.11919
0.11868
0.11818
0.11768
0.11719
0.1167
0.11622
0.11574
0.11526
0.11479
0.11432
0.11385
0.11339
0.11293
0.11248
0.11203
0.11158
0.11114
0.1107
0.11027
0.10984
0.10941
0.10899
0.10856
0.10815
0.10773
0.10732
0.10692
0.10651
0.10611
0.10572
0.10532
0.10494
0.10455
0.10417
0.10379
0.10341
0.10303
0.10266
0.1023
0.10193
0.10157
0.10121
0.10086
0.1005
0.10016
0.099809
0.099465
0.099125
0.098787
0.098452
0.09812
0.097791
0.097464
0.097141
0.09682
0.096501
0.096186
0.095873
0.095563
0.095255
0.09495
0.094647
0.094348
0.09405
0.093755
0.093463
0.093173
0.092886
0.092601
0.092318
0.092038
0.09176
0.091485
0.091212
0.090941
0.090672
0.090406
0.090142
0.08988
0.089621
0.089364
0.089109
0.088856
0.088605
0.088356
0.08811
0.087865
0.087623
0.087383
0.087144
0.086908
0.086674
0.086442
0.086212
0.085983
0.085757
0.085533
0.08531
0.08509
0.084871
0.084654
0.084439
0.084226
0.084015
0.083805
0.083598
0.06
