0.06
0.16765
0.27316
0.37655
0.47787
0.57714
0.6744
0.76966
0.86297
0.95436
1.0438
1.1315
1.2172
1.3012
1.3834
1.4638
1.5425
1.6195
1.6948
1.7684
1.8404
1.9109
1.9797
2.047
2.1127
2.177
2.2398
2.3011
2.361
2.4194
2.4765
2.5322
2.5866
2.6396
2.6913
2.7418
2.7909
2.8389
2.8856
2.9311
2.9754
3.0185
3.0605
3.1014
3.1412
3.1799
3.2175
3.254
3.2895
3.324
3.3574
3.3899
3.4214
3.452
3.4816
3.5103
3.5381
3.5649
3.591
3.6161
3.6404
3.6638
3.6865
3.7083
3.7293
3.7496
3.7691
3.7878
3.8058
3.8231
3.8396
3.8555
3.8706
3.8851
3.8989
3.9121
3.9246
3.9365
3.9478
3.9584
3.9685
3.978
3.9869
3.9952
4.003
4.0102
4.0169
4.0231
4.0288
4.0339
4.0386
4.0428
4.0465
4.0497
4.0525
4.0548
4.0567
4.0582
4.0592
4.0598
4.06
4.0598
4.0592
4.0582
4.0569
4.0552
4.0567
4.0582
4.0592
4.0598
4.06
4.0598
4.0592
4.0582
4.0569
4.0552
4.0567
4.0582
4.0592
4.0598
4.06
4.0598
4.0592
4.0582
4.0569
4.0552
4.0567
4.0582
4.0592
4.0598
4.06
4.0598
4.0592
4.0582
4.0569
4.0552
4.0567
4.0582
4.0592
4.0598
4.06
4.0598
4.0592
4.0582
4.0569
4.0552
4.0567
4.0582
4.0592
4.0598
4.06
4.0598
4.0592
4.0582
4.0569
4.0552
4.0567
4.0582
4.0592
4.0598
4.06
4.0598
4.0592
4.0582
4.0569
4.0552
4.0567
4.0582
4.0592
4.0598
4.06
4.0598
4.0592
4.0582
4.0569
4.0552
4.0567
4.0582
4.0592
4.0598
4.06
4.0598
4.0592
4.0582
4.0569
4.0552
4.0567
4.0582
4.0592
4.0598
4.06
4.0598
4.0592
4.0582
4.0569
4.0552
4.0567
4.0582
4.0592
4.0598
4.06
4.0598
4.0592
4.0582
4.0569
4.0552
4.0567
4.0582
4.0592
4.0598
4.06
4.0598
4.0592
4.0582
4.0569
4.0552
4.0567
4.0582
4.0592
4.0598
4.06
4.0598
4.0592
4.0582
4.0569
4.0552
4.0567
4.0582
4.0592
4.0598
4.06
4.0598
4.0592
4.0582
4.0569
4.0552
4.0567
4.0582
4.0592
4.0598
4.06
4.0598
4.0592
4.0582
4.0569
4.0552
4.0567
4.0582
4.0592
4.0598
4.06
4.0598
4.0592
4.0582
4.0569
4.0552
4.0567
4.0582
4.0592
4.0598
4.06
4.0598
4.0592
4.0582
4.0569
4.0552
4.0567
4.0582
4.0592
4.0598
4.06
4.0598
4.0592
4.0582
4.0569
4.0552
4.0567
4.0582
4.0592
4.0598
4.06
4.0598
4.0592
4.0582
4.0569
4.0552
4.0567
4.0582
4.0592
4.0598
4.06
4.0598
4.0592
4.0582
4.0569
4.0552
4.0531
4.0506
4.0479
4.0447
4.0413
4.0375
4.0334
4.029
4.0243
4.0193
4.0139
4.0084
4.0025
3.9963
3.9899
3.9832
3.9763
3.9691
3.9617
3.954
3.9461
3.938
3.9296
3.921
3.9123
3.9033
3.8941
3.8847
3.8751
3.8653
3.8554
3.8452
3.8349
3.8244
3.8138
3.803
3.792
3.7809
3.7696
3.7582
3.7467
3.735
3.7232
3.7113
3.6992
3.687
3.6747
3.6623
3.6497
3.6371
3.6243
3.6115
3.5986
3.5855
3.5724
3.5592
3.5459
3.5325
3.519
3.5055
3.4919
3.4782
3.4645
3.4507
3.4368
3.4228
3.4089
3.3948
3.3807
3.3666
3.3524
3.3381
3.3239
3.3095
3.2952
3.2808
3.2663
3.2519
3.2374
3.2229
3.2083
3.1938
3.1792
3.1646
3.1499
3.1353
3.1206
3.106
3.0913
3.0766
3.0619
3.0472
3.0325
3.0178
3.003
2.9883
2.9736
2.9589
2.9442
2.9295
2.9148
2.9001
2.8854
2.8708
2.8561
2.8415
2.8269
2.8122
2.7977
2.7831
2.7685
2.754
2.7395
2.725
2.7105
2.6961
2.6816
2.6672
2.6529
2.6385
2.6242
2.61
2.5957
2.5815
2.5673
2.5531
2.539
2.5249
2.5109
2.4969
2.4829
2.4689
2.455
2.4412
2.4273
2.4135
2.3998
2.3861
2.3724
2.3588
2.3452
2.3317
2.3182
2.3047
2.2913
2.2779
2.2646
2.2513
2.2381
2.2249
2.2118
2.1987
2.1857
2.1727
2.1597
2.1468
2.134
2.1212
2.1084
2.0957
2.0831
2.0705
2.0579
2.0454
2.033
2.0206
2.0082
1.9959
1.9837
1.9715
1.9594
1.9473
1.9353
1.9233
1.9113
1.8995
1.8877
1.8759
1.8642
1.8525
1.8409
1.8293
1.8178
1.8064
1.795
1.7837
1.7724
1.7611
1.75
1.7388
1.7278
1.7167
1.7058
1.6949
1.684
1.6732
1.6625
1.6518
1.6411
1.6306
1.62
1.6096
1.5991
1.5888
1.5785
1.5682
1.558
1.5478
1.5377
1.5277
1.5177
1.5078
1.4979
1.4881
1.4783
1.4686
1.4589
1.4493
1.4397
1.4302
1.4207
1.4113
1.402
1.3927
1.3834
1.3742
1.3651
1.356
1.3469
1.3379
1.329
1.3201
1.3113
1.3025
1.2938
1.2851
1.2764
1.2679
1.2593
1.2509
1.2424
1.234
1.2257
1.2174
1.2092
1.201
1.1929
1.1848
1.1767
1.1688
1.1608
1.1529
1.1451
1.1373
1.1295
1.1218
1.1142
1.1066
1.099
1.0915
1.084
1.0766
1.0692
1.0619
1.0546
1.0474
1.0402
1.0331
1.026
1.0189
1.0119
1.0049
0.99802
0.99115
0.98431
0.97752
0.97078
0.96408
0.95742
0.9508
0.94423
0.9377
0.93121
0.92477
0.91836
0.912
0.90568
0.8994
0.89316
0.88697
0.88081
0.8747
0.86862
0.86259
0.85659
0.85064
0.84472
0.83885
0.83301
0.82721
0.82146
0.81574
0.81006
0.80441
0.79881
0.79324
0.78771
0.78222
0.77676
0.77135
0.76596
0.76062
0.75531
0.75004
0.74481
0.73961
0.73444
0.72931
0.72422
0.71916
0.71414
0.70915
0.7042
0.69928
0.69439
0.68954
0.68472
0.67994
0.67519
0.67047
0.66578
0.66113
0.65651
0.65192
0.64737
0.64285
0.63836
0.6339
0.62947
0.62507
0.62071
0.61637
0.61207
0.6078
0.60355
0.59934
0.59516
0.59101
0.58688
0.58279
0.57872
0.57469
0.57068
0.56671
0.56276
0.55884
0.55494
0.55108
0.54724
0.54343
0.53965
0.5359
0.53217
0.52847
0.5248
0.52116
0.51754
0.51394
0.51038
0.50684
0.50332
0.49983
0.49637
0.49293
0.48952
0.48613
0.48277
0.47943
0.47612
0.47283
0.46956
0.46632
0.4631
0.45991
0.45674
0.4536
0.45047
0.44737
0.4443
0.44124
0.43821
0.4352
0.43222
0.42925
0.42631
0.42339
0.4205
0.41762
0.41477
0.41193
0.40912
0.40633
0.40356
0.40081
0.39808
0.39537
0.39269
0.39002
0.38737
0.38475
0.38214
0.37955
0.37699
0.37444
0.37191
0.3694
0.36691
0.36444
0.36198
0.35955
0.35713
0.35474
0.35236
0.35
0.34765
0.34533
0.34302
0.34073
0.33846
0.33621
0.33397
0.33175
0.32955
0.32736
0.32519
0.32304
0.3209
0.31878
0.31668
0.31459
0.31252
0.31047
0.30843
0.30641
0.3044
0.30241
0.30043
0.29847
0.29652
0.29459
0.29268
0.29078
0.28889
0.28702
0.28516
0.28332
0.28149
0.27968
0.27788
0.27609
0.27432
0.27256
0.27082
0.26909
0.26737
0.26567
0.26398
0.2623
0.26064
0.25899
0.25735
0.25573
0.25412
0.25252
0.25093
0.24936
0.24779
0.24625
0.24471
0.24318
0.24167
0.24017
0.23868
0.2372
0.23574
0.23429
0.23284
0.23141
0.22999
0.22859
0.22719
0.2258
0.22443
0.22306
0.22171
0.22037
0.21904
0.21772
0.21641
0.21511
0.21382
0.21254
0.21127
0.21001
0.20876
0.20752
0.20629
0.20507
0.20386
0.20267
0.20148
0.2003
0.19912
0.19796
0.19681
0.19567
0.19453
0.19341
0.19229
0.19119
0.19009
0.189
0.18792
0.18685
0.18579
0.18473
0.18369
0.18265
0.18162
0.1806
0.17959
0.17859
0.17759
0.1766
0.17562
0.17465
0.17369
0.17273
0.17179
0.17084
0.16991
0.16899
0.16807
0.16716
0.16626
0.16536
0.16447
0.16359
0.16272
0.16185
0.16099
0.16014
0.15929
0.15846
0.15762
0.1568
0.15598
0.15517
0.15436
0.15357
0.15277
0.15199
0.15121
0.15044
0.14967
0.14891
0.14816
0.14741
0.14667
0.14594
0.14521
0.14448
0.14377
0.14305
0.14235
0.14165
0.14096
0.14027
0.13959
0.13891
0.13824
0.13757
0.13691
0.13626
0.13561
0.13496
0.13433
0.13369
0.13307
0.13244
0.13182
0.13121
0.1306
0.13
0.12941
0.12881
0.12823
0.12764
0.12706
0.12649
0.12592
0.12536
0.1248
0.12425
0.1237
0.12315
0.12261
0.12208
0.12154
0.12102
0.12049
0.11998
0.11946
0.11895
0.11845
0.11795
0.11745
0.11696
0.11647
0.11598
0.1155
0.11503
0.11455
0.11408
0.11362
0.11316
0.1127
0.11225
0.1118
0.11135
0.11091
0.11047
0.11004
0.10961
0.10918
0.10876
0.10834
0.10792
0.10751
0.1071
0.10669
0.10629
0.10589
0.1055
0.1051
0.10471
0.10433
0.10395
0.10357
0.10319
0.10282
0.10245
0.10208
0.10172
0.10136
0.101
0.10064
0.10029
0.099943
0.099597
0.099254
0.098914
0.098577
0.098243
0.097912
0.097584
0.097258
0.096935
0.096615
0.096297
0.095982
0.09567
0.095361
0.095054
0.09475
0.094448
0.094149
0.093852
0.093558
0.093267
0.092978
0.092691
0.092407
0.092125
0.091846
0.091569
0.091294
0.091022
0.090752
0.090485
0.090219
0.089956
0.089695
0.089437
0.08918
0.088926
0.088674
0.088424
0.088176
0.087931
0.087687
0.087446
0.087206
0.086969
0.06
