0.01
0.37894
0.67766
0.91619
1.1033
1.2465
1.3526
1.4274
1.4757
1.502
1.51
1.503
1.4837
1.4546
1.4177
1.3747
1.3271
1.2763
1.2232
1.1687
1.1136
1.0585
1.0039
0.95023
0.89775
0.84674
0.7974
0.74987
0.70426
0.66062
0.61901
0.57942
0.54186
0.50628
0.47266
0.44095
0.41108
0.38299
0.35662
0.33189
0.30872
0.28705
0.2668
0.2479
0.23026
0.21383
0.19853
0.1843
0.17107
0.15878
0.14737
0.13678
0.12697
0.11787
0.10945
0.10165
0.094435
0.087765
0.081599
0.075902
0.070642
0.065785
0.061304
0.057171
0.053359
0.049846
0.046609
0.043627
0.040881
0.038353
0.036027
0.033887
0.031918
0.030108
0.028443
0.026914
0.025508
0.024217
0.023031
0.021942
0.020943
0.020025
0.019183
0.01841
0.017702
0.017052
0.016456
0.015909
0.015409
0.014949
0.014529
0.014143
0.01379
0.013467
0.013171
0.012899
0.012651
0.012424
0.012216
0.012025
0.01
