0.01
0.35434
0.63315
0.85578
1.0304
1.1641
1.2631
1.3329
1.378
1.4025
1.41
1.4034
1.3855
1.3583
1.3238
1.2837
1.2393
1.1919
1.1423
1.0915
1.0401
0.98864
0.93768
0.88755
0.83857
0.79096
0.7449
0.70054
0.65797
0.61725
0.57841
0.54146
0.5064
0.4732
0.44182
0.41222
0.38434
0.35812
0.33351
0.31043
0.28881
0.26858
0.24968
0.23204
0.21558
0.20024
0.18596
0.17268
0.16033
0.14886
0.13821
0.12833
0.11917
0.11068
0.10282
0.095539
0.088806
0.08258
0.076826
0.071509
0.066599
0.062066
0.057884
0.054026
0.050469
0.04719
0.044168
0.041385
0.038822
0.036463
0.034292
0.032294
0.030457
0.028767
0.027214
0.025786
0.024474
0.023269
0.022162
0.021146
0.020213
0.019357
0.018571
0.01785
0.017188
0.016582
0.016025
0.015515
0.015048
0.014619
0.014227
0.013867
0.013538
0.013236
0.012959
0.012706
0.012474
0.012262
0.012068
0.01189
0.01
