0.01
0.059192
0.099022
0.13083
0.15577
0.17487
0.18902
0.19898
0.20542
0.20893
0.21
0.20906
0.2065
0.20261
0.19769
0.19196
0.18562
0.17884
0.17176
0.1645
0.15715
0.14981
0.14253
0.13536
0.12837
0.12157
0.11499
0.10865
0.10257
0.09675
0.091201
0.085923
0.080914
0.076171
0.071688
0.067459
0.063477
0.059732
0.056216
0.052918
0.04983
0.04694
0.04424
0.04172
0.039368
0.037178
0.035138
0.03324
0.031476
0.029837
0.028316
0.026904
0.025595
0.024383
0.02326
0.02222
0.021258
0.020369
0.019547
0.018787
0.018086
0.017438
0.016841
0.016289
0.015781
0.015313
0.014881
0.014484
0.014117
0.01378
0.01347
0.013185
0.012922
0.012681
0.012459
0.012255
0.012068
0.011896
0.011737
0.011592
0.011459
0.011337
0.011224
0.011121
0.011027
0.01094
0.010861
0.010788
0.010721
0.01066
0.010604
0.010552
0.010505
0.010462
0.010423
0.010387
0.010353
0.010323
0.010295
0.01027
0.01
