0.01
0.50192
0.90022
1.2183
1.4677
1.6587
1.8002
1.8998
1.9642
1.9993
2.01
2.0006
1.975
1.9361
1.8869
1.8296
1.7662
1.6984
1.6276
1.555
1.4815
1.4081
1.3353
1.2636
1.1937
1.1257
1.0599
0.99649
0.93567
0.8775
0.82201
0.76923
0.71914
0.67171
0.62688
0.58459
0.54477
0.50732
0.47216
0.43918
0.4083
0.3794
0.3524
0.3272
0.30368
0.28178
0.26138
0.2424
0.22476
0.20837
0.19316
0.17904
0.16595
0.15383
0.1426
0.1322
0.12258
0.11369
0.10547
0.09787
0.090855
0.08438
0.078405
0.072894
0.067812
0.063128
0.058812
0.054836
0.051175
0.047804
0.044703
0.041849
0.039224
0.03681
0.034591
0.032552
0.030678
0.028956
0.027375
0.025923
0.02459
0.023367
0.022244
0.021214
0.020269
0.019402
0.018608
0.017879
0.017211
0.016599
0.016038
0.015524
0.015054
0.014622
0.014228
0.013866
0.013535
0.013232
0.012954
0.012701
0.01
