0.01
0.10838
0.18804
0.25165
0.30154
0.33974
0.36804
0.38796
0.40085
0.40786
0.41
0.40813
0.40299
0.39523
0.38538
0.37392
0.36124
0.34768
0.33352
0.31899
0.3043
0.28961
0.27505
0.26073
0.24673
0.23313
0.21997
0.2073
0.19513
0.1835
0.1724
0.16185
0.15183
0.14234
0.13338
0.12492
0.11695
0.10946
0.10243
0.095836
0.089659
0.083881
0.078481
0.073439
0.068737
0.064355
0.060276
0.05648
0.052952
0.049674
0.046631
0.043808
0.041191
0.038765
0.036519
0.03444
0.032516
0.030737
0.029093
0.027574
0.026171
0.024876
0.023681
0.022579
0.021562
0.020626
0.019762
0.018967
0.018235
0.017561
0.016941
0.01637
0.015845
0.015362
0.014918
0.01451
0.014136
0.013791
0.013475
0.013185
0.012918
0.012673
0.012449
0.012243
0.012054
0.01188
0.011722
0.011576
0.011442
0.01132
0.011208
0.011105
0.011011
0.010924
0.010846
0.010773
0.010707
0.010646
0.010591
0.01054
0.01
