0.01
0.15758
0.27706
0.37248
0.44731
0.50462
0.54706
0.57694
0.59627
0.60679
0.61
0.60719
0.59949
0.58784
0.57307
0.55588
0.53686
0.51652
0.49528
0.47349
0.45146
0.42942
0.40758
0.38609
0.3651
0.3447
0.32496
0.30595
0.2877
0.27025
0.2536
0.23777
0.22274
0.20851
0.19506
0.18238
0.17043
0.1592
0.14865
0.13875
0.12949
0.12082
0.11272
0.10516
0.098105
0.091533
0.085413
0.07972
0.074428
0.069511
0.064947
0.060712
0.056786
0.053148
0.049779
0.04666
0.043774
0.041106
0.03864
0.036361
0.034257
0.032314
0.030522
0.028868
0.027344
0.025938
0.024644
0.023451
0.022352
0.021341
0.020411
0.019555
0.018767
0.018043
0.017377
0.016765
0.016203
0.015687
0.015212
0.014777
0.014377
0.01401
0.013673
0.013364
0.013081
0.012821
0.012582
0.012364
0.012163
0.01198
0.011811
0.011657
0.011516
0.011387
0.011268
0.01116
0.01106
0.01097
0.010886
0.01081
0.01
