0.01
0.30515
0.54413
0.73495
0.88462
0.99923
1.0841
1.1439
1.1825
1.2036
1.21
1.2044
1.189
1.1657
1.1361
1.1018
1.0637
1.023
0.98055
0.93698
0.89291
0.84884
0.80515
0.76219
0.7202
0.67939
0.63992
0.60189
0.5654
0.5305
0.49721
0.46554
0.43548
0.40703
0.38013
0.35476
0.33086
0.30839
0.28729
0.26751
0.24898
0.23164
0.21544
0.20032
0.18621
0.17307
0.16083
0.14944
0.13886
0.12902
0.11989
0.11142
0.10357
0.096296
0.089557
0.083319
0.077548
0.072212
0.067279
0.062722
0.058513
0.054628
0.051043
0.047736
0.044687
0.041877
0.039287
0.036902
0.034705
0.032683
0.030822
0.029109
0.027534
0.026086
0.024755
0.023531
0.022407
0.021374
0.020425
0.019554
0.018754
0.01802
0.017346
0.016728
0.016161
0.015641
0.015165
0.014728
0.014327
0.01396
0.013623
0.013315
0.013032
0.012773
0.012537
0.01232
0.012121
0.011939
0.011773
0.01162
0.01
