0.01
0.13298
0.23255
0.31206
0.37442
0.42218
0.45755
0.48245
0.49856
0.50733
0.51
0.50766
0.50124
0.49153
0.47922
0.4649
0.44905
0.4321
0.4144
0.39624
0.37788
0.35951
0.34131
0.32341
0.30592
0.28891
0.27247
0.25662
0.24142
0.22687
0.213
0.19981
0.18729
0.17543
0.16422
0.15365
0.14369
0.13433
0.12554
0.1173
0.10957
0.10235
0.095601
0.089299
0.083421
0.077944
0.072845
0.0681
0.06369
0.059593
0.055789
0.05226
0.048988
0.045957
0.043149
0.04055
0.038145
0.035922
0.033866
0.031967
0.030214
0.028595
0.027101
0.025724
0.024453
0.023282
0.022203
0.021209
0.020294
0.019451
0.018676
0.017962
0.017306
0.016703
0.016148
0.015638
0.015169
0.014739
0.014344
0.013981
0.013648
0.013342
0.013061
0.012803
0.012567
0.012351
0.012152
0.01197
0.011803
0.01165
0.01151
0.011381
0.011263
0.011156
0.011057
0.010966
0.010884
0.010808
0.010739
0.010675
0.01
