0.01
0.40354
0.72217
0.9766
1.1762
1.329
1.4422
1.5218
1.5734
1.6014
1.61
1.6025
1.582
1.5509
1.5115
1.4657
1.415
1.3607
1.3041
1.246
1.1872
1.1284
1.0702
1.0129
0.95693
0.90252
0.84989
0.79919
0.75054
0.704
0.65961
0.61738
0.57731
0.53937
0.50351
0.46968
0.43782
0.40786
0.37973
0.35334
0.32864
0.30552
0.28392
0.26376
0.24495
0.22742
0.2111
0.19592
0.18181
0.1687
0.15653
0.14523
0.13476
0.12506
0.11608
0.10776
0.10006
0.092949
0.086372
0.080296
0.074684
0.069504
0.064724
0.060315
0.05625
0.052502
0.049049
0.045869
0.04294
0.040243
0.037762
0.035479
0.033379
0.031448
0.029673
0.028041
0.026542
0.025165
0.0239
0.022738
0.021672
0.020693
0.019795
0.018971
0.018215
0.017522
0.016886
0.016303
0.015769
0.015279
0.014831
0.01442
0.014043
0.013698
0.013382
0.013093
0.012828
0.012585
0.012363
0.01216
0.01
