0.01
0.20677
0.36609
0.4933
0.59308
0.66949
0.72608
0.76592
0.7917
0.80572
0.81
0.80626
0.79598
0.78045
0.76076
0.73784
0.71248
0.68536
0.65703
0.62799
0.59861
0.56922
0.5401
0.51146
0.48347
0.45626
0.42994
0.4046
0.38027
0.357
0.3348
0.31369
0.29366
0.27468
0.25675
0.23984
0.22391
0.20893
0.19486
0.18167
0.16932
0.15776
0.14696
0.13688
0.12747
0.11871
0.11055
0.10296
0.095904
0.089348
0.083263
0.077617
0.072382
0.067531
0.063038
0.05888
0.055032
0.051474
0.048186
0.045148
0.042342
0.039752
0.037362
0.035158
0.033125
0.031251
0.029525
0.027934
0.02647
0.025122
0.023881
0.022739
0.02169
0.020724
0.019836
0.019021
0.018271
0.017582
0.01695
0.016369
0.015836
0.015347
0.014898
0.014486
0.014108
0.013761
0.013443
0.013152
0.012885
0.01264
0.012415
0.01221
0.012021
0.011849
0.011691
0.011546
0.011414
0.011293
0.011182
0.01108
0.01
