0.01
0.45273
0.81119
1.0974
1.3219
1.4938
1.6212
1.7108
1.7688
1.8004
1.81
1.8016
1.7785
1.7435
1.6992
1.6476
1.5906
1.5296
1.4658
1.4005
1.3344
1.2683
1.2027
1.1383
1.0753
1.0141
0.95488
0.89784
0.84311
0.79075
0.74081
0.69331
0.64823
0.60554
0.56519
0.52714
0.49129
0.45759
0.42594
0.39626
0.36847
0.34246
0.31816
0.29548
0.27432
0.2546
0.23624
0.21916
0.20328
0.18853
0.17484
0.16214
0.15036
0.13944
0.12934
0.11998
0.11132
0.10332
0.095919
0.089083
0.08277
0.076942
0.071565
0.066605
0.062031
0.057815
0.053931
0.050352
0.047057
0.044024
0.041232
0.038664
0.036301
0.034129
0.032132
0.030296
0.02861
0.02706
0.025637
0.024331
0.023131
0.02203
0.02102
0.020093
0.019242
0.018462
0.017747
0.017091
0.01649
0.015939
0.015434
0.014972
0.014548
0.01416
0.013805
0.013479
0.013181
0.012909
0.012659
0.01243
0.01
