0.01
0.25596
0.45511
0.61413
0.73885
0.83436
0.90509
0.9549
0.98712
1.0047
1.01
1.0053
0.99248
0.97306
0.94845
0.9198
0.8881
0.8542
0.81879
0.78248
0.74576
0.70903
0.67263
0.63682
0.60183
0.56783
0.53493
0.50325
0.47284
0.44375
0.41601
0.38961
0.36457
0.34085
0.31844
0.2973
0.27738
0.25866
0.24108
0.22459
0.20915
0.1947
0.1812
0.1686
0.15684
0.14589
0.13569
0.1262
0.11738
0.10919
0.10158
0.094521
0.087977
0.081913
0.076298
0.071099
0.06629
0.061843
0.057733
0.053935
0.050428
0.04719
0.044203
0.041447
0.038906
0.036564
0.034406
0.032418
0.030587
0.028902
0.027351
0.025924
0.024612
0.023405
0.022296
0.021276
0.020339
0.019478
0.018687
0.017962
0.017295
0.016683
0.016122
0.015607
0.015135
0.014701
0.014304
0.01394
0.013606
0.0133
0.013019
0.012762
0.012527
0.012311
0.012114
0.011933
0.011767
0.011616
0.011477
0.01135
0.01
